Time,Flux
2500.1984276991343,
2500.2053728454116,
2500.2123179919804,
2500.21926313881,
2500.226208285902,
2500.233153433256,
2500.240098580872,
2500.2470437287207,148205.92
2500.2539888768306,148232.83
2500.260934025174,148266.77
2500.2678791737794,148394.58
2500.274824322589,148235.14
2500.281769471631,148270.8
2500.288714620876,148171.52
2500.295659770354,148277.34
2500.3026049200366,148216.31
2500.3095500699515,148246.08
2500.3164952200414,148191.34
2500.3234403703345,148220.67
2500.3303855208314,148250.22
2500.3373306715325,148249.08
2500.3442758223787,148218.52
2500.351220973429,148208.58
2500.3581661246826,148236.69
2500.3651112760817,148238.81
2500.372056427656,148236.55
2500.379001579375,148222.58
2500.3859467312986,148289.97
2500.392891883367,148414.33
2500.399837035581,148361.69
2500.406782187941,148358.03
2500.4137273404754,148392.95
2500.420672493126,148351.64
2500.4276176459225,148368.94
2500.4345627988646,148397.6
2500.4415079519517,148421.25
2500.4484531051844,148408.95
2500.4553982585044,148418.0
2500.4623434119703,148427.66
2500.469288565582,148333.58
2500.4762337192797,148372.4
2500.4831788731235,148358.77
2500.490124027055,148364.61
2500.4970691811027,148415.73
2500.504014335267,148434.47
2500.5109594895475,148386.38
2500.5179046439152,148458.77
2500.524849798371,148407.44
2500.5317949529426,148409.58
2500.5387401076305,148450.2
2500.5456852623765,148413.0
2500.5526304172386,148438.1
2500.5595755721893,148441.06
2500.5665207271977,148427.81
2500.573465882322,148415.16
2500.5804110375047,148513.31
2500.5873561927747,148463.64
2500.594301348133,148352.44
2500.6012465035483,148405.47
2500.6081916590506,148523.88
2500.6151368146407,148472.97
2500.6220819702603,148494.77
2500.6290271259677,148424.94
2500.6359722817615,148443.34
2500.642917437584,148424.5
2500.6498625934655,148424.7
2500.6568077494344,148493.06
2500.663752905461,148431.45
2500.6706980615168,148469.58
2500.67764321766,148479.12
2500.6845883738324,148446.7
2500.691533530063,148489.88
2500.698478686352,148457.69
2500.7054238426695,148446.33
2500.7123689990167,148465.34
2500.71931415548,148504.05
2500.726259311943,148467.34
2500.7332044684067,148555.97
2500.7401496249863,148458.58
2500.7470947815664,148457.98
2500.754039938204,148503.56
2500.760985094842,148503.1
2500.7679302515385,148480.14
2500.7748754082345,148471.16
2500.781820564989,148541.38
2500.7887657218016,148559.55
2500.795710878614,148516.8
2500.802656035485,148515.6
2500.809601192356,148525.9
2500.816546349227,148530.88
2500.8234915061557,148506.1
2500.830436663084,148465.36
2500.837381820072,148490.75
2500.8443269770596,148437.89
2500.851272134105,148483.78
2500.85821729115,148529.61
2500.865162448195,148443.17
2500.872107605241,148483.52
2500.879052762345,148466.44
2500.885997919448,148475.05
2500.8929430765515,148461.53
2500.8998882336555,148459.97
2500.906833390818,148508.75
2500.9137785479797,148451.11
2500.920723705141,148462.9
2500.927668862303,148524.83
2500.9346140194652,148534.0
2500.9415591766265,148434.56
2500.9485043338464,148479.64
2500.9554494910667,148463.84
2500.962394648229,148488.61
2500.969339805449,148488.31
2500.9762849626686,148410.06
2500.9832301198885,148412.39
2500.9901752771093,148500.83
2500.997120434329,148463.86
2501.004065591549,148448.94
2501.011010748769,148471.45
2501.0179559059893,148453.83
2501.02490106321,148427.52
2501.0318462204295,148405.45
2501.0387913776494,148493.22
2501.04573653487,148472.0
2501.0526816920897,148381.52
2501.059626849252,148387.3
2501.0665720064717,148472.66
2501.0735171636334,148477.4
2501.0804623208537,148388.45
2501.0874074780154,148383.67
2501.0943526351775,148406.42
2501.101297792339,148407.19
2501.108242949501,148396.97
2501.115188106663,148417.58
2501.1221332637665,148440.31
2501.1290784208704,148369.34
2501.1360235780326,148401.05
2501.142968735136,148398.08
2501.1499138921813,148481.38
2501.156859049285,148412.64
2501.1638042063305,148432.47
2501.170749363376,148368.89
2501.1776945204215,148377.86
2501.1846396774085,148418.86
2501.191584834454,148421.89
2501.1985299914413,148389.62
2501.2054751483706,148363.27
2501.2124203053577,148390.25
2501.219365462286,148423.84
2501.2263106192154,148356.56
2501.233255776145,148347.38
2501.240200933016,148375.5
2501.2471460898864,148391.75
2501.254091246699,148347.73
2501.2610364035704,148332.3
2501.267981560383,148363.25
2501.2749267171366,148367.33
2501.2818718739495,148332.16
2501.2888170306464,148338.84
2501.2957621874007,148379.27
2501.3027073440967,148378.03
2501.3096525007927,148355.14
2501.3165976574314,148350.38
2501.3235428140692,148316.61
2501.330487970706,148293.06
2501.337433127286,148299.05
2501.3443782838663,148318.34
2501.351323440447,148288.78
2501.358268596968,148350.83
2501.3652137534305,148352.17
2501.3721589098946,148269.61
2501.3791040663587,148255.94
2501.3860492227627,148359.06
2501.3929943791677,148264.34
2501.3999395355736,148303.39
2501.4068846919213,148285.7
2501.41382984821,148264.47
2501.4207750044975,148243.7
2501.427720160787,148276.17
2501.4346653170182,148327.16
2501.4416104731895,148308.45
2501.44855562942,148259.58
2501.4555007855347,148277.53
2501.4624459416495,148263.0
2501.4693910977635,148296.38
2501.4763362538183,148318.02
2501.483281409875,148293.56
2501.4902265658734,148304.58
2501.49717172187,148281.38
2501.5041168778093,148270.17
2501.5110620337496,148250.19
2501.5180071896316,148218.78
2501.5249523455127,148228.73
2501.5318975013347,148206.61
2501.5388426571003,148278.11
2501.545787812866,148264.39
2501.5527329686297,148280.84
2501.559678124336,148255.0
2501.5666232799854,148218.61
2501.573568435634,148263.0
2501.580513591283,148235.1
2501.587458746814,148218.48
2501.594403902405,148246.78
2501.601349057879,148164.31
2501.6082942134103,148255.69
2501.6152393688258,148241.34
2501.622184524242,148190.42
2501.6291296796,148190.56
2501.636074834957,148194.62
2501.643019990314,148212.86
2501.6499651455556,148176.8
2501.656910300797,148192.16
2501.6638554560373,148134.42
2501.67080061122,148189.3
2501.6777457663447,148225.88
2501.68469092147,148127.08
2501.6916360765363,148222.23
2501.698581231602,148147.75
2501.7055263866105,148197.73
2501.7124715415607,148105.9
2501.7194166965105,148141.9
2501.726361851402,148139.78
2501.733307006294,148103.86
2501.7402521610697,148122.61
2501.747197315903,148129.98
2501.75414247062,148092.6
2501.7610876253957,148197.2
2501.768032780055,148128.98
2501.774977934713,148175.36
2501.7819230893138,148121.08
2501.788868243915,148121.75
2501.7958133984575,148173.97
2501.8027585529417,148101.66
2501.809703707426,148155.27
2501.816648861852,148057.31
2501.823594016221,148052.22
2501.830539170588,148053.33
2501.8374843248976,148127.36
2501.8444294792075,148111.95
2501.851374633459,148148.55
2501.8583197876524,148028.98
2501.8652649417872,148061.39
2501.8722100959226,148087.7
2501.8791552500584,148136.11
2501.886100404076,148101.14
2501.893045558095,148141.0
2501.899990712114,148081.33
2501.906935866016,148110.02
2501.913881019918,148095.16
2501.92082617382,148104.4
2501.9277713276065,148090.19
2501.934716481393,148102.62
2501.9416616351778,148017.86
2501.948606788848,148089.44
2501.955551942518,148018.33
2501.9624970961863,147997.67
2501.969442249739,148029.0
2501.976387403293,148071.94
2501.9833325568466,148054.44
2501.990277710341,148093.34
2501.9972228637766,148085.39
2502.0041680171557,148096.81
2502.0111131704766,148040.48
2502.0180583237957,148076.8
2502.0250034771157,148056.73
2502.03194863032,148033.61
2502.0388937835246,148039.38
2502.04583893667,148110.16
2502.0527840898144,148034.4
2502.0597292429024,148025.53
2502.0666743959323,148084.3
2502.0736195489603,148027.67
2502.080564701873,148031.97
2502.0875098547863,148080.72
2502.0944550076993,148045.48
2502.101400160554,148002.48
2502.10834531335,147989.0
2502.1152904660885,147986.02
2502.1222356188264,148064.5
2502.1291807714474,147954.38
2502.136125924128,148021.98
2502.1430710766917,148022.66
2502.150016229255,148000.28
2502.15696138176,148067.69
2502.163906534265,148049.97
2502.1708516866547,148047.36
2502.1777968390434,147978.83
2502.1847419914316,147959.62
2502.1916871437043,148012.67
2502.198632295977,147986.14
2502.2055774481914,147961.27
2502.212522600406,148004.5
2502.2194677525617,147988.4
2502.2264129046594,147967.95
2502.2333580566988,148043.84
2502.2403032087386,147918.1
2502.2472483607203,147946.52
2502.2541935126433,147994.44
2502.261138664508,147965.28
2502.2680838163737,147989.73
2502.2750289681803,148000.86
2502.281974119987,147877.8
2502.288919271677,147996.3
2502.295864423367,147982.9
2502.3028095750583,147966.11
2502.309754726632,147950.28
2502.3166998782067,147989.11
2502.323645029723,147930.2
2502.3305901811796,147904.73
2502.337535332637,147876.56
2502.344480484037,147907.36
2502.351425635378,147940.36
2502.3583707866605,147947.48
2502.3653159379433,147970.16
2502.3722610891687,147932.33
2502.379206240336,147880.6
2502.3861513915012,147936.55
2502.3930965426102,147876.16
2502.4000416936606,147937.86
2502.406986844652,147890.95
2502.4139319956435,147958.45
2502.420877146578,147873.56
2502.4278222974535,147925.31
2502.4347674482706,147870.81
2502.441712599087,147885.2
2502.448657749847,147860.86
2502.455602900548,147887.08
2502.462548051248,147875.23
2502.469493201833,147847.84
2502.4764383524757,147889.11
2502.483383503002,147861.81
2502.49032865347,147873.94
2502.497273803938,147895.28
2502.504218954348,147924.28
2502.5111641047574,147893.34
2502.51810925505,147870.39
2502.525054405344,147933.14
2502.531999555638,147877.38
2502.5389447058146,147898.45
2502.5458898559923,147888.84
2502.552835006111,147864.92
2502.559780156171,147832.45
2502.5667253061733,147885.23
2502.5736704561755,147889.9
2502.5806156061203,147825.86
2502.587560756006,147870.53
2502.5945059058918,147849.88
2502.60145105572,147880.9
2502.6083962054895,147829.64
2502.6153413552006,147877.75
2502.6222865048544,147854.16
2502.6292316545073,147851.25
2502.636176804102,147820.1
2502.6431219536967,147821.38
2502.650067103176,147859.7
2502.657012252655,147828.84
2502.663957402074,147834.48
2502.670902551437,147813.83
2502.6778477007992,147826.22
2502.6847928501024,147955.66
2502.691737999348,147889.08
2502.698683148536,147831.88
2502.7056282977237,147906.56
2502.7125734468527,147902.98
2502.7195185959235,147859.27
2502.726463744937,147886.94
2502.7334088939497,147851.19
2502.7403540429036,147850.75
2502.7472991918003,147900.53
2502.7542443406387,147844.38
2502.761189489477,147827.34
2502.768134638257,147879.34
2502.7750797869785,147898.88
2502.7820249356423,147924.98
2502.7889700843057,147838.67
2502.7959152329113,147841.89
2502.8028603814587,147830.52
2502.8098055299474,147880.58
2502.816750678436,147891.52
2502.8236958268676,147832.78
2502.83064097524,147874.08
2502.837586123554,147824.39
2502.844531271869,147830.75
2502.851476420125,147823.33
2502.8584215683227,147905.97
2502.865366716462,147878.39
2502.8723118646026,147869.2
2502.879257012685,147830.22
2502.886202160707,147912.0
2502.8931473086727,147879.9
2502.9000924566385,147823.45
2502.9070376045443,147831.0
2502.9139827523927,147842.69
2502.920927900184,147865.52
2502.9278730479746,147828.98
2502.934818195649,147812.67
2502.9417633433227,147880.64
2502.948708490997,147775.23
2502.9556536385544,147802.48
2502.9625987861114,147845.39
2502.9695439336115,147852.0
2502.976489081053,147864.53
2502.983434228494,147806.97
2502.990379375877,147834.6
2502.9973245232018,147879.31
2503.0042696704686,147916.75
2503.0112148176772,147891.86
2503.0181599648854,147857.4
2503.0251051120354,147838.7
2503.032050259127,147865.45
2503.03899540622,147886.36
2503.045940553196,147902.7
2503.0528857001705,147923.02
2503.0598308471467,147879.11
2503.0667759940065,147856.72
2503.0737211408646,147855.08
2503.0806662876653,147838.61
2503.0876114344087,147885.72
2503.094556581093,147877.12
2503.1015017277773,147801.69
2503.108446874346,147870.75
2503.115392020973,147893.23
2503.122337167483,147806.58
2503.1292823139333,147903.31
2503.1362274603857,147926.94
2503.14317260678,147863.34
2503.1501177531723,147906.66
2503.15706289945,147926.69
2503.1640080457273,147875.19
2503.170953191946,147913.97
2503.1778983381073,147883.14
2503.1848434842677,147894.61
2503.1917886303117,147948.94
2503.1987337763558,147897.66
2503.2056789223416,147912.44
2503.2126240683283,147883.34
2503.219569214256,147903.3
2503.2265143600675,147870.31
2503.233459505938,147893.14
2503.24040465169,147884.3
2503.247349797385,147917.17
2503.2542949430804,147959.77
2503.261240088717,147966.45
2503.2681852343535,147892.1
2503.2751303798746,147927.92
2503.2820755253956,147932.8
2503.2890206708576,148007.9
2503.2959658162613,147917.12
2503.302910961666,147890.06
2503.3098561069532,147945.03
2503.3168012522397,147883.23
2503.323746397528,148026.02
2503.3306915426997,147895.94
2503.3376366878706,147996.44
2503.3445818329837,147951.5
2503.3515269780387,147936.03
2503.358472123035,147932.11
2503.3654172680317,147971.83
2503.3723624129116,147970.48
2503.3793075577914,147975.0
2503.3862527026718,148001.31
2503.3931978474357,147998.03
2503.4001429921996,147986.77
2503.4070881369043,148012.78
2503.414033281552,148039.97
2503.4209784262,147944.0
2503.42792357073,147969.28
2503.434868715261,148002.98
2503.4418138597343,148037.56
2503.4487590042067,147970.89
2503.4557041485627,148011.89
2503.4626492929187,148011.17
2503.4695944372174,147983.39
2503.476539581515,148060.73
2503.4834847256966,148110.53
2503.490429869879,148057.77
2503.497375014002,148022.64
2503.504320158068,148064.92
2503.5112653021333,148122.34
2503.5182104460814,148009.22
2503.52515559003,148069.84
2503.532100733921,148063.62
2503.5390458778115,148087.52
2503.5459910215855,148100.28
2503.55293616536,148087.44
2503.5598813090764,148050.22
2503.566826452734,148140.19
2503.5737715963915,148095.75
2503.580716739991,148071.45
2503.5876618835323,148092.17
2503.5946070270156,148132.3
2503.6015521704408,148072.36
2503.6084973138654,148145.89
2503.615442457232,148151.61
2503.622387600541,148143.83
2503.629332743791,148101.33
2503.636277887041,148193.88
2503.643223030234,148108.23
2503.6501681733675,148120.89
2503.657113316443,148109.75
2503.6640584595193,148177.53
2503.6710036024792,148185.95
2503.6779487454382,148189.69
2503.684893888339,148159.16
2503.6918390312403,148231.52
2503.698784174025,148208.45
2503.7057293168086,148156.48
2503.7126744595357,148194.28
2503.7196196022624,148160.47
2503.726564744872,148235.05
2503.733509887483,148224.28
2503.7404550300344,148190.61
2503.7474001725277,148260.78
2503.7543453150215,148225.9
2503.7612904573984,148222.83
2503.768235599776,148225.17
2503.775180742095,148185.17
2503.7821258843564,148302.22
2503.789071026617,148240.72
2503.7960161688184,148231.17
2503.8029613109634,148220.02
2503.80990645305,148246.77
2503.816851595135,148248.27
2503.8237967371056,148229.4
2503.830741879076,148295.7
2503.8376870209872,148230.4
2503.8446321628994,148289.48
2503.8515773046943,148283.39
2503.858522446489,148291.31
2503.8654675882262,148293.83
2503.872412729905,148221.86
2503.8793578715836,148347.61
2503.886303013146,148278.25
2503.8932481547085,148375.34
2503.9001932962124,148327.7
2503.907138437716,148296.28
2503.914083579104,148343.05
2503.921028720492,148327.44
2503.9279738618206,148388.19
2503.934919003092,148365.14
2503.941864144364,148345.94
2503.9488092855768,148341.02
2503.955754426674,148369.94
2503.9626995678286,148335.4
2503.969644708867,148364.38
2503.976589849906,148357.78
2503.9835349908276,148350.16
2503.9904801317493,148344.55
2503.997425272672,148390.1
2504.004370413478,148420.97
2504.0113155542836,148457.89
2504.0182606950307,148440.3
2504.02520583572,148452.55
2504.0321509763507,148447.67
2504.039096116981,148412.58
2504.046041257496,148480.5
2504.052986398011,148457.6
2504.0599315385252,148460.73
2504.0668766789236,148471.14
2504.0738218193214,148463.78
2504.0807669596616,148415.38
2504.0877120999435,148441.56
2504.122437800654,148440.1
2504.1293829407027,148467.98
2504.136328080636,148417.4
2504.143273220568,148400.7
2504.150218360442,148465.05
2504.157163500317,148521.31
2504.1641086400746,148519.4
2504.171053779833,148457.39
2504.177998919533,148499.81
2504.1849440591736,148537.61
2504.191889198757,148519.84
2504.1988343383405,148538.42
2504.2057794778066,148540.73
2504.2127246172736,148501.56
2504.219669756741,148547.19
2504.226614896091,148546.14
2504.2335600354413,148528.88
2504.2405051747332,148562.78
2504.247450313968,148490.84
2504.2543954531434,148576.56
2504.261340592319,148574.5
2504.268285731379,148566.28
2504.275230870438,148551.73
2504.28217600944,148580.53
2504.2891211484416,148542.3
2504.296066287325,148620.61
2504.3030114262106,148576.31
2504.3099565650377,148604.4
2504.316901703805,148569.8
2504.323846842574,148560.27
2504.330791981226,148598.94
2504.337737119877,148575.42
2504.3446822584715,148604.19
2504.3516273970654,148569.69
2504.3585725355424,148558.53
2504.36551767402,148654.73
2504.3724628124387,148592.86
2504.3794079507998,148585.86
2504.3863530891026,148592.83
2504.393298227405,148642.45
2504.400243365591,148601.67
2504.407188503778,148614.47
2504.414133641965,148638.52
2504.4210787800343,148707.05
2504.428023918104,148623.4
2504.434969056058,148646.69
2504.441914194011,148666.77
2504.4488593319643,148675.48
2504.455804469802,148610.44
2504.4627496076387,148605.02
2504.4696947454177,148627.22
2504.4766398831384,148668.94
2504.4835850208005,148719.48
2504.490530158405,148668.2
2504.4974752960093,148618.66
2504.5044204335545,148676.56
2504.5113655710425,148669.34
2504.5183107084727,148718.83
2504.525255845902,148632.3
2504.532200983274,148535.86
2504.539146120587,148594.31
2504.5460912578415,148508.72
2504.553036395039,148567.42
2504.5599815322353,148549.62
2504.5669266693735,148577.92
2504.5738718063963,148575.94
2504.5808169434767,148650.48
2504.587762080441,148598.75
2504.5947072174044,148574.19
2504.601652354252,148561.6
2504.6085974910993,148561.25
2504.6155426279465,148645.02
2504.622487764678,148633.08
2504.629432901409,148684.1
2504.636378038082,148672.66
2504.6433231746973,148720.08
2504.6502683112526,148687.97
2504.6572134477515,148707.69
2504.6641585842503,148692.52
2504.671103720689,148765.25
2504.6780488570716,148765.6
2504.684993993396,148697.66
2504.691939129661,148688.31
2504.698884265927,148757.4
2504.705829402134,148718.89
2504.7127745382827,148720.17
2504.7197196743737,148718.61
2504.7266648104646,148700.8
2504.7336099464387,148739.34
2504.7405550824133,148655.47
2504.7475002183296,148642.36
2504.7544453542455,148738.27
2504.7613904900454,148746.19
2504.7683356258453,148747.92
2504.7752807615866,148701.47
2504.7822258972697,148720.27
2504.7891710328954,148715.28
2504.796116168462,148727.0
2504.8030613040296,148790.89
2504.810006439539,148700.64
2504.8169515749883,148723.61
2504.823896710381,148729.97
2504.830841845774,148702.97
2504.837786981049,148753.23
2504.8447321163253,148675.19
2504.851677251543,148730.7
2504.8586223867023,148722.2
2504.8655675218624,148720.36
2504.8725126569634,148766.0
2504.879457791948,148748.11
2504.886402926933,148748.88
2504.8933480619175,148703.77
2504.9002931967866,148751.38
2504.9072383316557,148743.25
2504.9141834664656,148719.64
2504.9211286012182,148724.94
2504.9280737359118,148736.14
2504.935018870547,148729.38
2504.9419640051833,148705.58
2504.9489091397604,148718.0
2504.9558542742793,148726.36
2504.9627994087405,148710.23
2504.969744543144,148704.58
2504.9766896775463,148773.55
2504.9836348118324,148727.53
2504.9905799461194,148733.78
2504.9975250803473,148726.86
2505.004470214575,148713.02
2505.011415348687,148668.34
2505.0183604827985,148698.06
2505.0253056168526,148797.16
2505.0322507508486,148798.52
2505.0391958847845,148734.8
2505.046141018722,148780.5
2505.0530861525435,148744.98
2505.060031286363,148709.03
2505.066976420126,148703.64
2505.0739215538892,148706.28
2505.080866687535,148702.95
2505.0878118211813,148721.16
2505.094756954711,148760.83
2505.101702088241,148691.02
2505.1086472217708,148738.64
2505.1155923551833,148688.89
2505.1225374885967,148714.95
2505.129482621894,148671.33
2505.1364277551907,148690.31
2505.14337288843,148740.17
2505.150318021668,148759.39
2505.15726315479,148717.17
2505.164208287913,148732.81
2505.1711534209767,148734.2
2505.178098553982,148698.75
2505.1850436869304,148695.6
2505.19198881982,148716.55
2505.1989339527095,148679.52
2505.2058790855403,148707.56
2505.2128242183135,148693.1
2505.219769351028,148718.23
2505.226714483684,148768.27
2505.2336596163414,148703.08
2505.2406047488817,148777.27
2505.2475498814224,148753.89
2505.254495013904,148648.7
2505.2614401463857,148667.53
2505.268385278752,148681.05
2505.275330411117,148696.36
2505.282275543366,148679.12
2505.2892206756155,148716.05
2505.2961658078643,148623.3
2505.3031109399976,148753.17
2505.3100560720723,148664.08
2505.317001204146,148691.08
2505.3239463361624,148680.73
2505.3308914681206,148690.25
2505.3378366000206,148705.6
2505.3447817319206,148687.88
2505.351726863704,148679.95
2505.358671995488,148633.27
2505.3656171272137,148605.31
2505.3725622588795,148649.94
2505.379507390489,148627.95
2505.3864525220984,148640.39
2505.3933976535895,148661.39
2505.4003427850826,148675.39
2505.4072879165174,148620.83
2505.414233047893,148635.53
2505.421178179269,148610.8
2505.4281233105285,148655.02
2505.4350684417877,148595.52
2505.4420135729897,148641.28
2505.4489587041326,148628.4
2505.4559038352177,148587.39
2505.462848966245,148622.61
2505.4697940972715,148621.42
2505.4767392282406,148602.58
2505.4836843590924,148592.9
2505.4906294900024,148644.69
2505.497574620797,148632.23
2505.5045197515324,148637.61
2505.511464882268,148598.22
2505.5184100128877,148625.64
2505.5253551435653,148612.33
2505.532300274127,148579.28
2505.5392454045714,148596.39
2505.546190535132,148599.12
2505.5531356654606,148603.02
2505.560080795905,148661.47
2505.5670259262333,148617.02
2505.5739710564453,148563.17
2505.5809161866578,148600.7
2505.5878613168693,148615.0
2505.5948064469644,148594.5
2505.6017515770604,148530.05
2505.6086967071565,148606.7
2505.615641837135,148613.22
2505.6225869669975,148578.5
2505.6295320969766,148582.03
2505.636477226723,148589.19
2505.6434223565852,148564.95
2505.6503674863316,148561.97
2505.6573126159615,148589.53
2505.664257745591,148523.2
2505.671202875221,148524.6
2505.6781480047343,148520.03
2505.6850931342483,148533.73
2505.6920382637613,148528.73
2505.698983393158,148570.58
2505.705928522439,148535.4
2505.71287365172,148520.27
2505.7198187810004,148493.14
2505.7267639102806,148530.58
2505.7337090393285,148482.31
2505.7406541684927,148518.06
2505.74759929754,148546.83
2505.754544426588,148514.47
2505.7614895555193,148498.42
2505.768434684451,148487.02
2505.7753798132658,148491.75
2505.7823249420803,148507.55
2505.789270070896,148478.55
2505.796215199594,148504.56
2505.8031603281756,148485.19
2505.8101054568747,148482.39
2505.8170505854564,148483.44
2505.8239957139226,148396.1
2505.8309408423884,148434.27
2505.8378859708537,148420.88
2505.8448310992035,148468.36
2505.8517762275524,148524.77
2505.858721355785,148434.94
2505.8656664840178,148443.88
2505.872611612134,148457.52
2505.879556740251,148460.6
2505.8865018683678,148446.6
2505.8934469963674,148417.11
2505.900392124368,148458.4
2505.907337252251,148496.02
2505.9142823801344,148441.14
2505.9212275080185,148427.7
2505.9281726357854,148381.06
2505.935117763436,148444.28
2505.942062891087,148374.8
2505.949008018738,148435.25
2505.9559531463888,148339.94
2505.9628982739227,148435.0
2505.9698434013403,148366.48
2505.976788528759,148374.92
2505.9837336561764,148325.0
2505.9906787834784,148352.02
2505.9976239107805,148339.86
2506.004569037965,148378.75
2506.011514165151,148335.1
2506.0184592923356,148404.28
2506.025404419404,148380.27
2506.0323495463563,148338.28
2506.0392946733086,148350.0
2506.046239800261,148427.02
2506.0531849272134,148320.44
2506.060130054049,148322.31
2506.067075180769,148290.73
2506.074020307488,148308.58
2506.080965434207,148297.14
2506.0879105608105,148276.08
2506.094855687413,148338.52
2506.1018008139004,148318.1
2506.1087459403875,148293.48
2506.1156910667573,148303.47
2506.1226361931276,148305.84
2506.1295813194974,148340.02
2506.136526445751,148278.97
2506.143471572005,148300.88
2506.150416698142,148258.78
2506.1573618242796,148256.22
2506.1643069504175,148262.25
2506.171252076438,148249.0
2506.178197202343,148278.58
2506.1851423282474,148248.06
2506.1920874541515,148202.33
2506.19903257994,148306.53
2506.205977705728,148251.67
2506.2129228315166,148224.6
2506.2198679571884,148275.2
2506.2268130827433,148261.89
2506.2337582082987,148209.1
2506.2407033338536,148168.86
2506.2476484592926,148177.17
2506.2545935847315,148254.6
2506.2615387100536,148210.1
2506.2684838353766,148181.66
2506.2754289606996,148177.1
2506.2823740859053,148211.34
2506.2893192109955,148187.02
2506.2962643360847,148194.98
2506.303209461174,148067.11
2506.3101545861473,148143.28
2506.317099711121,148148.77
2506.3240448360943,148121.23
2506.330989960951,148148.02
2506.337935085691,148102.39
2506.3448802104317,148182.17
2506.3518253351717,148116.56
2506.3587704597953,148116.44
2506.36571558442,148145.22
2506.372660708928,148173.89
2506.379605833436,148134.95
2506.386550957943,148130.58
2506.393496082334,148099.66
2506.400441206609,148079.36
2506.407386330884,148076.45
2506.4143314551584,148108.45
2506.4212765793163,148115.02
2506.4282217034747,148120.86
2506.435166827517,148090.92
2506.4421119515587,148113.45
2506.4490570756,148082.4
2506.456002199526,148051.78
2506.462947323336,148051.97
2506.4698924471445,148072.62
2506.476837570953,148123.06
2506.4837826946464,148044.38
2506.490727818339,148064.92
2506.4976729419154,148052.3
2506.5046180654913,148051.55
2506.5115631890676,147999.56
2506.5185083125275,148010.17
2506.5254534358705,148021.33
2506.5323985592145,148002.92
2506.5393436825584,148019.97
2506.546288805785,148007.75
2506.5532339290125,148038.0
2506.5601790521227,148007.62
2506.567124175233,148018.27
2506.5740692983436,147969.22
2506.581014421338,148001.34
2506.5879595442157,148004.19
2506.5949046670935,148014.58
2506.601849789971,148039.69
2506.6087949127327,147957.7
2506.6157400354937,147979.38
2506.622685158139,147950.08
2506.6296302807846,147992.69
2506.636575403312,147983.28
2506.643520525841,147976.53
2506.65046564837,147931.44
2506.657410770782,147970.94
2506.6643558930778,147945.88
2506.6713010153726,147914.48
2506.6782461376683,147906.25
2506.685191259848,147928.88
2506.692136382027,147983.12
2506.6990815040904,147973.22
2506.706026626153,147894.05
2506.712971748216,147870.78
2506.7199168700467,147951.94
2506.726861991992,147940.28
2506.7338071138224,147863.12
2506.7407522356525,147886.98
2506.7476973573657,147885.23
2506.7546424789634,147943.88
2506.7615876006766,147855.6
2506.7685327221575,147855.86
2506.775477843755,147805.83
2506.782422965119,147901.31
2506.7893680866005,147938.97
2506.7963132079644,147839.05
2506.803258329212,147844.66
2506.8102034504604,147922.03
2506.817148571709,147890.58
2506.8240936928405,147859.95
2506.8310388138552,147857.84
2506.8379839349864,147867.61
2506.8449290558856,147886.22
2506.8518741769008,147878.11
2506.8588192976827,147834.58
2506.865764418581,147844.9
2506.8727095393638,147803.28
2506.87965466003,147796.78
2506.8865997806965,147785.45
2506.8935449012456,147853.31
2506.9004900217947,147752.27
2506.907435142344,147770.84
2506.9143802627773,147794.95
2506.9213253832104,147748.05
2506.928270503527,147811.52
2506.935215623843,147793.19
2506.942160744043,147772.62
2506.949105864244,147762.08
2506.956050984328,147805.69
2506.9629961044125,147713.2
2506.9699412243785,147773.17
2506.9768863443464,147775.64
2506.983831464198,147799.03
2506.9907765840485,147724.53
2506.9977217038995,147781.34
2507.0046668236337,147793.5
2507.011611943252,147718.47
2507.018557062987,147701.53
2507.0255021824883,147650.69
2507.0324473019905,147689.22
2507.039392421492,147699.92
2507.0463375408767,147715.2
2507.0532826602625,147729.06
2507.060227779532,147813.67
2507.067172898801,147737.55
2507.074118017953,147743.58
2507.081063137105,147735.08
2507.088008256258,147749.92
2507.094953375294,147712.0
2507.1018984942134,147761.48
2507.108843613133,147733.56
2507.115788732053,147720.5
2507.1227338508565,147709.95
2507.129678969544,147745.67
2507.1366240882303,147640.75
2507.1435692069167,147669.36
2507.1505143254876,147694.81
2507.1574594440576,147706.81
2507.1644045625117,147654.31
2507.1713496809657,147679.27
2507.178294799304,147665.67
2507.185239917642,147607.34
2507.1921850358617,147651.03
2507.1991301540834,147729.14
2507.2060752721886,147627.39
2507.213020390293,147678.17
2507.219965508282,147679.81
2507.2269106262697,147679.36
2507.233855744258,147636.45
2507.24080086213,147696.42
2507.2477459798856,147605.95
2507.254691097641,147627.08
2507.26163621528,147644.27
2507.2685813329185,147667.38
2507.275526450558,147666.34
2507.2824715680813,147675.2
2507.2894166856045,147623.34
2507.2963618030103,147667.22
2507.3033069202997,147667.92
2507.3102520375896,147656.83
2507.31719715488,147675.66
2507.324142272053,147625.34
2507.3310873892265,147659.9
2507.338032506284,147640.86
2507.3449776233406,147683.12
2507.3519227402817,147595.17
2507.358867857222,147629.62
2507.3658129740465,147667.56
2507.372758090871,147611.33
2507.3797032075777,147682.64
2507.386648324286,147635.14
2507.3935934408773,147672.61
2507.4005385574687,147647.42
2507.407483673944,147682.77
2507.4144287904182,147626.83
2507.421373906777,147656.22
2507.428319023136,147647.55
2507.4352641393775,147655.25
2507.44220925562,147631.56
2507.4491543718627,147674.9
2507.4560994879885,147654.92
2507.4630446039973,147628.34
2507.469989720006,147593.89
2507.4769348358996,147623.72
2507.4838799517925,147642.55
2507.490825067685,147540.16
2507.497770183461,147669.19
2507.5047152991215,147618.11
2507.511660414782,147627.53
2507.518605530326,147625.6
2507.5255506458693,147625.3
2507.532495761413,147651.73
2507.53944087684,147616.58
2507.5463859921506,147608.02
2507.5533311074614,147604.73
2507.560276222656,147569.25
2507.5672213378507,147608.2
2507.5741664530456,147592.44
2507.581111568122,147643.03
2507.5880566830842,147598.55
2507.5950017980463,147631.0
2507.6019469130074,147683.2
2507.6088920278526,147590.72
2507.6158371425818,147598.61
2507.6227822573105,147590.38
2507.629727372039,147599.38
2507.6366724865343,147663.36
2507.643617601147,147595.89
2507.6505627156434,147630.95
2507.6575078300225,147642.17
2507.6644529444015,147585.02
2507.6713980587815,147623.0
2507.6783431730446,147640.34
2507.6852882871917,147629.03
2507.692233401338,147592.77
2507.699178515368,147636.0
2507.706123629399,147641.12
2507.7130687434283,147647.7
2507.7200138572257,147642.77
2507.72695897114,147605.9
2507.733904084938,147719.25
2507.7408491986193,147564.97
2507.7477943123,147641.03
2507.7547394258645,147623.44
2507.7616845394286,147653.73
2507.7686296528764,147667.53
2507.775574766325,147589.38
2507.782519879657,147651.42
2507.789464992989,147599.69
2507.796410106321,147654.19
2507.8033552194197,147663.64
2507.810300332518,147636.22
2507.8172454456176,147632.9
2507.8241905585996,147644.5
2507.831135671582,147705.84
2507.8380807844483,147672.86
2507.8450258973144,147672.84
2507.851971010064,147655.88
2507.8589161228133,147664.5
2507.865861235447,147621.6
2507.8728063479643,147707.45
2507.8797514604807,147714.33
2507.886696572998,147674.25
2507.893641685398,147731.77
2507.900586797682,147679.6
2507.907531909966,147706.34
2507.91447702225,147682.38
2507.9214221344178,147673.4
2507.9283672464694,147682.42
2507.93531235852,147694.14
2507.942257470571,147681.5
2507.9492025823897,147682.86
2507.956147694325,147694.86
2507.963092806027,147703.28
2507.9978183641865,147688.61
2508.0047634755397,147749.14
2508.011708586893,147782.39
2508.018653698246,147761.06
2508.025598809482,147705.16
2508.0325439206017,147744.25
2508.0394890317216,147764.72
2508.046434142841,147724.83
2508.0533792538445,147809.11
2508.0603243647315,147784.7
2508.067269475619,147757.36
2508.07421458639,147761.8
2508.0811596971603,147833.42
2508.088104807815,147751.22
2508.095049918469,147777.12
2508.101995029006,147774.8
2508.1089401395443,147798.17
2508.1158852499657,147735.17
2508.1228303602707,147798.61
2508.1297754706925,147790.34
2508.1367205808806,147797.97
2508.1436656910696,147785.84
2508.1506108011413,147816.0
2508.157555911213,147774.83
2508.1645010212856,147779.78
2508.171446131125,147855.28
2508.1783912410806,147817.7
2508.1853363508035,147832.64
2508.1922814605264,147817.92
2508.199226570249,147775.31
2508.2061716798557,147805.86
2508.2131167894618,147788.69
2508.2200618989523,147774.84
2508.2270070083264,147779.08
2508.2339521176996,147843.97
2508.2408972269573,147843.83
2508.2478423362145,147796.44
2508.2547874453553,147828.55
2508.2617325544957,147831.72
2508.26867766352,147870.16
2508.2756227725445,147862.78
2508.282567881453,147797.86
2508.289512990244,147863.31
2508.296458099036,147871.28
2508.303403207828,147848.84
2508.3103483163864,147855.83
2508.3172934250615,147878.84
2508.3242385335034,147834.39
2508.331183642062,147811.7
2508.3381287503885,147860.61
2508.345073858714,147895.66
2508.3520189670403,147865.38
2508.3589640752502,147910.03
2508.3659091833433,147898.03
2508.3728542914364,147886.3
2508.3797993994126,147941.61
2508.3867445073893,147882.55
2508.3936896152495,147917.95
2508.4006347231093,147908.92
2508.4075798308536,147918.58
2508.4145249384815,147877.98
2508.4214700461093,147922.11
2508.4284151536203,147903.22
2508.4353602611304,147938.55
2508.4423053685255,147886.88
2508.44925047592,147882.61
2508.4561955831978,147926.58
2508.4631406903595,147918.89
2508.4700857975217,147960.86
2508.477030904684,147908.05
2508.483976011729,147992.92
2508.4909211186573,147930.95
2508.4978662254703,147972.25
2508.504811332283,147992.23
2508.5117564390953,147980.88
2508.5187015457914,147945.67
2508.525646652371,148002.27
2508.532591758951,148006.8
2508.539536865415,147992.23
2508.546481971877,148060.52
2508.553427078224,147978.33
2508.560372184455,148005.44
2508.567317290685,148011.86
2508.574262396916,147986.52
2508.5812075029135,147996.27
2508.5881526090275,148009.66
2508.595097714909,148030.83
2508.60204282079,147968.06
2508.6089879266715,148059.69
2508.6159330323203,148090.73
2508.6228781380837,148030.52
2508.629823243616,148074.03
2508.6367683491485,148019.38
2508.6437134546804,148109.83
2508.650658560096,148120.89
2508.6576036653946,148070.5
2508.664548770694,148077.69
2508.6714938758773,148102.64
2508.6784389810596,148071.11
2508.6853840861254,148100.94
2508.6923291910757,148061.66
2508.6992742960256,148091.89
2508.7062194008595,148075.81
2508.7131645056925,148092.31
2508.7201096104095,148157.9
2508.7270547150106,148068.98
2508.7339998196107,148088.28
2508.7409449240954,148086.05
2508.747890028579,148140.58
2508.7548351329474,148085.92
2508.761780237199,148171.8
2508.76872534145,148100.17
2508.775670445585,148007.88
2508.78261554972,147987.23
2508.789560653738,148019.77
2508.796505757757,148058.33
2508.8034508615433,148017.16
2508.810395965446,148100.84
2508.817341069115,148006.06
2508.8242861727836,148015.9
2508.8312312764533,147965.45
2508.838176380006,148058.1
2508.845121483442,148066.94
2508.8520665867622,148075.2
2508.8590116900828,148065.36
2508.8659567934033,148096.38
2508.8729018966073,148136.75
2508.879846999694,148189.47
2508.886792102665,148163.52
2508.8937372056357,148154.34
2508.9006823084896,148204.73
2508.907627411344,148169.94
2508.914572514082,148147.31
2508.9215176168204,148222.7
2508.9284627194425,148196.17
2508.935407821947,148185.1
2508.9423529243363,148198.44
2508.949298026725,148272.4
2508.9562431291133,148270.03
2508.9631882313856,148164.69
2508.970133333542,148221.88
2508.977078435581,148213.52
2508.984023537621,148214.5
2508.9909686395436,148261.0
2508.997913741467,148217.23
2509.004858843274,148200.17
2509.011803944964,148257.95
2509.018749046654,148233.89
2509.0256941482285,148227.6
2509.0326392498023,148237.92
2509.03958435126,148271.75
2509.0465294526007,148251.64
2509.0534745538257,148259.25
2509.0604196550507,148253.17
2509.067364756274,148352.25
2509.074309857266,148283.4
2509.0812549583743,148288.75
2509.0882000592496,148288.86
2509.0951451601254,148276.69
2509.102090260884,148359.3
2509.109035361527,148335.0
2509.11598046217,148359.75
2509.1229255626954,148298.77
2509.129870663222,148289.11
2509.1368157636316,148303.88
2509.143760863925,148349.53
2509.1507059642186,148270.22
2509.157651064394,148371.27
2509.164596164455,148358.9
2509.171541264516,148322.05
2509.1784863644593,148331.67
2509.1854314642874,148371.58
2509.1923765641154,148394.3
2509.1993216638266,148317.98
2509.2062667635378,148382.95
2509.2132118630157,148393.9
2509.220156962611,148362.19
2509.2271020619733,148404.8
2509.2340471613347,148390.23
2509.2409922605807,148415.03
2509.2479373598258,148367.11
2509.254882458839,148338.61
2509.261827557968,148433.0
2509.268772656864,148369.92
2509.27571775576,148428.52
2509.2826628545404,148330.58
2509.28960795332,148440.58
2509.2965530518672,148443.84
2509.303498150531,148477.25
2509.3104432489617,148416.31
2509.3173883473924,148431.7
2509.3243334457065,148403.83
2509.3312785440207,148428.22
2509.338223642219,148437.53
2509.3451687403,148458.56
2509.3521138382644,148458.64
2509.3590589362298,148400.31
2509.3660040340787,148476.28
2509.3729491319273,148497.03
2509.3798942295425,148475.38
2509.386839327158,148430.84
2509.3937844247744,148476.42
2509.400729522273,148448.45
2509.4076746196565,148503.64
2509.4146197169234,148513.48
2509.4215648141903,148506.16
2509.4285099113404,148461.89
2509.4354550083735,148457.7
2509.442400105407,148453.28
2509.4493452022084,148460.78
2509.4562902991247,148543.58
2509.463235395809,148518.69
2509.470180492494,148535.64
2509.4771255890614,148500.38
2509.48407068563,148499.72
2509.4910157819654,148526.48
2509.497960878417,148534.7
2509.5049059746357,148491.27
2509.511851070854,148522.84
2509.5187961669567,148538.05
2509.525741262943,148564.39
2509.532686358812,148510.27
2509.539631454682,148486.23
2509.546576550435,148521.34
2509.5535216461885,148552.02
2509.5604667417088,148554.56
2509.5674118372285,148501.28
2509.574356932749,148527.78
2509.581302028037,148592.17
2509.588247123323,148581.75
2509.5951922184945,148580.1
2509.602137313666,148555.58
2509.609082408721,148588.22
2509.616027503659,148639.1
2509.6229725984804,148560.23
2509.6299176931857,148579.58
2509.6368627878915,148552.23
2509.64380788248,148584.48
2509.6507529770693,148583.9
2509.657698071426,148623.78
2509.664643165782,148556.39
2509.671588260138,148626.5
2509.678533354261,148608.31
2509.6854784483844,148551.25
2509.6924235423917,148555.53
2509.6993686362816,148562.34
2509.7063137301725,148638.94
2509.713258823947,148643.25
2509.7202039176045,148570.6
2509.7271490111457,148553.12
2509.734094104686,148594.22
2509.7410391979943,148594.52
2509.7479842914195,148558.36
2509.754929384611,148625.39
2509.7618744778033,148565.61
2509.7688195708793,148599.75
2509.7757646638383,148588.73
2509.7827097566815,148562.69
2509.7896548495237,148590.67
2509.79659994225,148640.75
2509.8035450348602,148618.88
2509.810490127353,148580.39
2509.817435219847,148634.98
2509.8243803122245,148605.06
2509.831325404485,148601.58
2509.83827049663,148623.47
2509.8452155887735,148616.98
2509.852160680685,148562.44
2509.8591057725966,148604.0
2509.8660508645075,148624.98
2509.8729959561865,148567.4
2509.8799410478655,148652.69
2509.8868861394276,148583.2
2509.8938312308733,148583.33
2509.9007763223185,148602.78
2509.9077214135314,148644.4
2509.914666504744,148662.84
2509.92161159584,148667.6
2509.9285566868207,148657.12
2509.935501777801,148694.1
2509.9424468686652,148604.94
2509.9493919594124,148604.98
2509.9563370500427,148668.44
2509.963282140557,148699.52
2509.970227231072,148636.06
2509.9771723214694,148652.64
2509.9841174117514,148616.81
2509.991062501917,148627.64
2509.998007591966,148658.9
2510.004952682015,148682.95
2510.0118977719467,148650.45
2510.0188428617626,148662.8
2510.0257879514625,148647.33
2510.0327330411615,148649.55
2510.0396781306285,148587.39
2510.0466232200956,148630.02
2510.053568309446,148628.08
2510.0605133986796,148646.05
2510.0674584879134,148623.86
2510.0744035769144,148622.48
2510.081348665916,148711.06
2510.0882937548,148619.44
2510.0952388435685,148660.12
2510.102183932337,148691.27
2510.1091290208724,148612.22
2510.1160741094077,148658.98
2510.123019197826,148718.69
2510.129964286129,148698.0
2510.1369093743156,148638.48
2510.1438544623848,148662.2
2510.150799550455,148658.45
2510.157744638408,148672.66
2510.164689726245,148677.6
2510.1716348139657,148687.38
2510.178579901569,148650.88
2510.1855249890564,148618.27
2510.1924700765444,148646.42
2510.199415163915,148672.78
2510.206360251054,148664.75
2510.2133053381926,148624.7
2510.220250425331,148690.03
2510.227195512237,148709.47
2510.2341405990255,148646.58
2510.2410856858146,148705.25
2510.2480307724877,148587.16
2510.2549758590435,148681.53
2510.261920945484,148730.97
2510.2688660318076,148689.25
2510.2758111180146,148669.61
2510.2827562042216,148637.45
2510.2897012901954,148605.64
2510.29664637617,148611.12
2510.303591462028,148627.19
2510.310536547769,148721.16
2510.3174816333944,148594.38
2510.324426718903,148679.83
2510.331371804412,148636.67
2510.3383168896876,148681.31
2510.345261974963,148650.64
2510.352207060006,148641.23
2510.3591521450494,148639.81
2510.3660972299754,148673.11
2510.373042314786,148628.52
2510.3799873994794,148606.05
2510.3869324841735,148645.8
2510.3938775686343,148619.03
2510.4008226530946,148669.06
2510.407767737323,148621.39
2510.4147128215513,148646.11
2510.4216579056624,148636.66
2510.428602989658,148678.5
2510.4355480735367,148646.27
2510.442493157299,148600.17
2510.4494382409453,148613.4
2510.4563833244742,148628.62
2510.463328408004,148604.4
2510.470273491301,148651.75
2510.4772185745974,148674.92
2510.484163657661,148639.95
2510.4911087407254,148612.4
2510.4980538236728,148676.53
2510.5049989063878,148586.34
2510.511943989102,148637.55
2510.5188890717004,148637.16
2510.5258341541826,148631.69
2510.532779236664,148602.61
2510.5397243189127,148663.95
2510.546669401045,148654.05
2510.5536144830617,148636.45
2510.560559565078,148587.55
2510.567504646861,148658.53
2510.5744497286446,148631.95
2510.5813948101954,148625.75
2510.5883398917454,148614.19
2510.595284973063,148581.72
2510.6022300543805,148614.61
2510.609175135582,148627.02
2510.6161202166672,148640.0
2510.6230652975187,148613.89
2510.630010378371,148623.67
2510.6369554591065,148643.88
2510.643900539725,148636.25
2510.650845620228,148659.47
2510.6577907006144,148631.44
2510.6647357808847,148612.16
2510.6716808610386,148526.05
2510.678625941075,148580.0
2510.685571020996,148610.9
2510.6925161009167,148591.22
2510.699461180604,148598.28
2510.7064062601753,148585.2
2510.7133513396307,148673.61
2510.7202964189696,148619.2
2510.727241498192,148595.08
2510.7341865774138,148588.62
2510.7411316564035,148653.27
2510.7480767352763,148565.92
2510.7550218140323,148579.2
2510.7619668926723,148614.06
2510.7689119713127,148563.27
2510.7758570497194,148602.39
2510.7828021280106,148581.83
2510.7897472061854,148641.36
2510.7966922842434,148637.95
2510.8036373623013,148587.61
2510.8105824401264,148586.12
2510.817527517835,148602.6
2510.824472595428,148614.19
2510.831417672903,148563.31
2510.838362750263,148621.64
2510.8453078275065,148542.36
2510.852252904633,148650.0
2510.8591979816433,148575.84
2510.8661430585366,148493.23
2510.8730881353154,148619.88
2510.8800332119768,148587.4
2510.886978288521,148556.22
2510.893923364949,148640.84
2510.900868441144,148578.97
2510.90781351734,148556.25
2510.9147585934193,148569.75
2510.921703669265,148545.44
2510.9286487451113,148568.39
2510.935593820725,148546.45
2510.9425388963377,148603.27
2510.949483971718,148566.06
2510.9564290470985,148537.3
2510.9633741222465,148564.97
2510.970319197278,148599.38
2510.9772642721923,148541.33
2510.984209346991,148584.8
2510.9911544217894,148569.62
2510.9980994963544,148593.23
2511.0050445706875,148540.78
2511.01198964502,148557.11
2511.0189347192368,148616.97
2511.025879793337,148522.44
2511.0328248672035,148591.67
2511.039769941071,148605.52
2511.046715014705,148590.23
2511.053660088339,148563.36
2511.06060516174,148565.86
2511.0675502350255,148486.28
2511.0744953081944,148476.25
2511.081440381247,148528.17
2511.088385454182,148483.81
2511.095330527002,148480.56
2511.1022755997046,148544.95
2511.109220672174,148512.33
2511.116165744644,148523.25
2511.1231108168818,148532.84
2511.1300558891203,148501.12
2511.1370009611246,148513.42
2511.143946033012,148594.77
2511.1508911047836,148531.0
2511.157836176439,148523.66
2511.1647812479773,148509.38
2511.1717263192836,148497.2
2511.17867139059,148487.55
2511.1856164617793,148435.28
2511.192561532736,148428.89
2511.199506603576,148459.8
2511.2064516743,148428.95
2511.213396745024,148443.36
2511.220341815398,148430.9
2511.227286885773,148456.22
2511.2342319560316,148400.72
2511.2411770261733,148464.2
2511.248122096082,148430.08
2511.2550671659906,148427.39
2511.262012235667,148422.77
2511.268957305227,148378.67
2511.27590237467,148453.89
2511.282847443997,148489.33
2511.289792513208,148402.64
2511.2967375821854,148413.47
2511.303682651164,148456.69
2511.3106277200245,148446.86
2511.3175727886533,148391.58
2511.3245178571656,148392.62
2511.3314629255606,148328.47
2511.3384079938396,148474.55
2511.3453530620022,148390.2
2511.352298130049,148417.03
2511.359243197979,148377.67
2511.3661882656756,148388.1
2511.373133333373,148408.23
2511.380078400837,148425.45
2511.3870234681845,148391.45
2511.393968535416,148392.69
2511.4009136026475,148360.05
2511.40785866953,148442.66
2511.4148037364125,148390.9
2511.4217488031777,148406.61
2511.4286938698274,148396.53
2511.435638936244,148383.27
2511.4425840026597,148342.14
2511.449529068844,148372.12
2511.456474135028,148341.17
2511.4634192009794,148359.03
2511.4703642668137,148324.22
2511.477309332531,148400.73
2511.484254398133,148375.95
2511.491199463618,148388.34
2511.4981445289864,148359.64
2511.505089594239,148373.78
2511.5120346593753,148351.6
2511.518979724395,148327.52
2511.5259247891818,148327.66
2511.532869853968,148333.36
2511.539814918638,148320.67
2511.546759983076,148286.67
2511.5537050475127,148333.0
2511.560650111834,148328.94
2511.5675951759226,148366.39
2511.5745402400107,148278.69
2511.581485303867,148347.9
2511.5884303677217,148297.64
2511.595375431461,148328.61
2511.602320495084,148322.6
2511.609265558473,148319.73
2511.616210621863,148343.34
2511.623155685136,148340.64
2511.630100748293,148344.28
2511.637045811334,148343.1
2511.6439908742573,148351.64
2511.6509359370652,148237.58
2511.657880999873,148324.62
2511.6648260624474,148324.25
2511.671771125022,148283.39
2511.6787161873644,148302.39
2511.6856612497063,148263.23
2511.6926063120486,148304.62
2511.699551374158,148281.95
2511.7064964361507,148321.92
2511.7134414981438,148316.61
2511.7203865600195,148299.98
2513.2066350360624,
2513.2135801595227,
2513.220525282982,
2513.2274704066754,
2513.234415530368,
2513.241360654294,
2513.2483057782197,
2513.2552509023785,
2513.262196026654,
2513.269141150929,
2513.2760862754362,
2513.283031399944,
2513.289976524569,
2513.296921649309,
2513.303866774166,
2513.3108118990235,
2513.317757024113,
2513.3247021492025,
2513.331647274409,
2513.338592399616,
2513.3455375250555,
2513.352482650494,
2513.359427775933,
2513.366372901489,
2513.37331802716,
2513.3802631529484,
2513.387208278738,
2513.3941534045266,
2513.401098530431,
2513.408043656452,
2513.414988782473,
2513.4219339084952,
2513.4288790346322,
2513.4358241608866,
2513.4427692871404,
2513.4497144133943,
2513.456659539765,
2513.463604666135,
2513.470549792623,
2513.477494918993,
2513.484440045596,
2513.491385172083,
2513.498330298686,
2513.5052754252906,
2513.5122205520106,
2513.5191656786133,
2513.526110805333,
2513.5330559321687,
2513.540001058888,
2513.546946185724,
2513.5538913125615,
2513.5608364393975,
2513.5677815662334,
2513.5747266931853,
2513.5816718200217,
2513.5886169469754,
2513.5955620739273,
2513.6025072008797,
2513.6094523279485,
2513.6163974549013,
2513.623342581854,
2513.6302877089224,
2513.6372328359926,
2513.644177962945,
2513.6511230900132,
2513.658068217082,
2513.6650133441512,
2513.6719584712214,
2513.67890359829,
2513.6858487253585,
2513.6927938524273,
2513.6997389794965,
2513.706684106565,
2513.713629233634,
2513.7205743607037,
2513.7275194877725,
2513.7344646148417,
2513.7414097417936,
2513.748354868863,
2513.7552999959325,
2513.762245123001,
2513.769190249953,
2513.7761353770225,
2513.7830805039753,
2513.790025631045,
2513.7969707579973,
2513.8039158849497,
2513.810861011902,
2513.817806138854,
2513.8247512658068,
2513.8316963927596,
2513.8386415195964,
2513.845586646549,
2513.8525317733843,
2513.8594769002207,
2513.866422027057,
2513.8733671538935,
2513.880312280613,
2513.887257407449,
2513.894202534169,
2513.901147660889,
2513.908092787609,
2513.9150379143284,148269.53
2513.921983040932,148259.1
2513.928928167651,148268.48
2513.935873294254,148260.88
2513.9428184208587,148302.86
2513.9497635473454,148281.72
2513.956708673949,148263.67
2513.963653800435,148301.1
2513.970598926922,148220.4
2513.97754405341,148239.31
2513.9844891797798,148279.17
2513.991434306267,148280.69
2513.998379432637,148250.06
2514.005324558891,148270.58
2514.0122696852627,148197.3
2514.019214811516,148334.4
2514.0261599377704,148304.16
2514.0331050640243,148295.5
2514.0400501901613,148278.73
2514.046995316299,148293.9
2514.0539404424367,148306.45
2514.0608855685755,148279.7
2514.0678306945965,148309.77
2514.074775820617,148299.31
2514.0817209466386,148310.81
2514.0886660726596,148318.4
2514.0956111985647,148298.53
2514.10255632447,148278.75
2514.109501450258,148310.22
2514.1164465760467,148227.73
2514.123391701835,148352.02
2514.1303368276235,148297.16
2514.1372819532958,148319.97
2514.1442270789676,148301.27
2514.1511722046394,148297.67
2514.1581173301947,148251.47
2514.165062455751,148284.8
2514.172007581307,148293.33
2514.1789527068627,148286.8
2514.185897832301,148283.86
2514.1928429576237,148271.5
2514.1997880830636,148298.12
2514.2067332083857,148240.97
2514.2136783335923,148292.38
2514.2206234589153,148352.58
2514.227568584005,148271.02
2514.234513709212,148352.14
2514.2414588343013,148298.88
2514.2484039593915,148354.22
2514.2553490844816,148340.44
2514.2622942094545,148318.4
2514.269239334428,148313.3
2514.2761844592856,148285.88
2514.283129584143,148363.48
2514.2900747090007,148279.92
2514.297019833741,148337.42
2514.3039649584816,148422.95
2514.310910083222,148290.7
2514.3178552078457,148310.03
2514.324800332471,148359.38
2514.331745456979,148326.47
2514.338690581487,148361.0
2514.3456357059945,148330.28
2514.3525808303853,148348.17
2514.359525954778,148359.0
2514.366471079053,148297.47
2514.373416203444,148335.83
2514.3803613276023,148312.7
2514.387306451877,148341.78
2514.3942515759204,148370.44
2514.4011967000793,148309.16
2514.408141824121,148356.89
2514.4150869481628,148386.97
2514.4220320720888,148397.61
2514.4289771960143,148373.84
2514.435922319824,148339.27
2514.4428674436335,148400.81
2514.4498125674427,148404.55
2514.456757691136,148355.75
2514.4637028148286,148331.61
2514.4706479384054,148373.23
2514.477593061982,148387.95
2514.484538185558,148385.66
2514.4914833090183,148384.06
2514.4984284324787,148370.25
2514.5053735558226,148451.67
2514.5123186791666,148383.08
2514.5192638023937,148381.67
2514.526208925621,148379.06
2514.5331540488482,148371.58
2514.5400991719584,148395.94
2514.5470442950696,148418.52
2514.553989418065,148405.38
2514.5609345410594,148416.97
2514.5678796640536,148427.56
2514.574824786931,148376.89
2514.581769909693,148394.42
2514.5887150324556,148402.47
2514.5956601552166,148423.2
2514.6026052778616,148417.61
2514.6095504005066,148346.23
2514.616495523035,148393.11
2514.6234406455646,148456.34
2514.6303857680937,148432.3
2514.637330890506,148479.52
2514.6442760128025,148393.25
2514.651221135098,148409.3
2514.658166257394,148417.25
2514.665111379574,148333.31
2514.6720565017526,148405.25
2514.6790016238165,148380.8
2514.6859467458794,148425.95
2514.6928918679428,148457.14
2514.6998369898897,148432.88
2514.7067821117193,148380.48
2514.7137272335503,148429.4
2514.7206723553804,148378.28
2514.7276174770936,148413.3
2514.7345625988087,148373.44
2514.7415077204064,148409.1
2514.7484528418872,148413.95
2514.7553979634845,148446.78
2514.762343084965,148487.55
2514.7692882063307,148419.17
2514.7762333276955,148387.4
2514.783178448943,148439.06
2514.790123570191,148414.11
2514.7970686914396,148428.84
2514.804013812572,148413.75
2514.8109589335877,148360.84
2514.817904054719,148461.75
2514.824849175618,148407.73
2514.8317942965173,148425.36
2514.8387394174156,148391.83
2514.8456845381984,148418.95
2514.852629658981,148486.3
2514.8595747796476,148429.05
2514.866519900314,148409.7
2514.8734650209794,148411.58
2514.880410141413,148395.81
2514.887355261963,148398.44
2514.894300382396,148395.17
2514.901245502713,148380.81
2514.90819062303,148418.44
2514.915135743348,148380.75
2514.9220808635487,148379.34
2514.929025983632,148400.06
2514.935971103716,148384.22
2514.9429162238,148400.03
2514.9498613437677,148337.38
2514.9568064637356,148379.33
2514.963751583587,148424.36
2514.970696703322,148368.95
2514.9776418231736,148418.0
2514.9845869427913,148385.36
2514.99153206241,148413.33
2514.9984771820286,148414.19
2515.0054223015304,148384.31
2515.012367421032,148400.58
2515.019312540418,148416.31
2515.0262576598047,148402.11
2515.03320277919,148271.66
2515.040147898342,148393.17
2515.0470930176116,148404.48
2515.054038136764,148398.2
2515.0609832558007,148418.23
2515.0679283748373,148396.17
2515.074873493757,148400.94
2515.0818186126776,148360.94
2515.0887637314813,148394.4
2515.095708850284,148359.31
2515.102653969088,148386.6
2515.1095990877748,148318.12
2515.1165442063457,148360.52
2515.123489324916,148337.39
2515.1304344433706,148383.89
2515.137379561826,148387.11
2515.14432468028,148351.6
2515.1512697986172,148380.86
2515.1582149168385,148415.25
2515.16516003506,148338.48
2515.172105153282,148380.06
2515.179050271387,148337.75
2515.1859953893754,148336.12
2515.1929405073647,148331.23
2515.1998856253535,148306.95
2515.206830743225,148318.95
2515.213775860981,148318.06
2515.2207209787366,148321.0
2515.227666096492,148324.73
2515.2346112141317,148344.19
2515.241556331655,148306.72
2515.2485014491785,148286.22
2515.2554465667013,148245.06
2515.2623916841076,148257.58
2515.2693368013975,148292.66
2515.276281918804,148337.89
2515.283227035978,148341.12
2515.2901721531516,148343.73
2515.2971172703255,148302.42
2515.3040623873835,148293.83
2515.3110075043246,148282.17
2515.317952621265,148273.66
2515.324897738206,148328.02
2515.3318428550306,148268.94
2515.338787971738,148271.75
2515.345733088446,148301.56
2515.3526782051545,148221.72
2515.3596233217463,148303.19
2515.3665684382217,148247.78
2515.3735135546963,148256.94
2515.3804586711726,148335.23
2515.3874037875316,148262.17
2515.3943489037733,148300.86
2515.4012940200155,148269.72
2515.4082391362576,148292.12
2515.4151842523847,148266.28
2515.4221293683945,148267.23
2515.4290744844034,148256.34
2515.436019600413,148291.3
2515.4429647163065,148243.31
2515.4499098320825,148227.9
2515.4568549478604,148275.39
2515.4638000635205,148277.81
2515.4707451791805,148267.97
2515.477690294841,148192.23
2515.4846354103843,148244.53
2515.491580525813,148207.55
2515.49852564124,148264.75
2515.5054707565505,148245.42
2515.5124158718622,148189.66
2515.5193609871735,148170.97
2515.526306102252,148171.67
2515.533251217447,148197.77
2515.5401963325244,148177.69
2515.5471414474864,148186.38
2515.5540865624484,148191.05
2515.561031677293,148261.98
2515.5679767921392,148222.38
2515.574921906868,148185.62
2515.581867021597,148219.73
2515.588812136211,148262.81
2515.5957572508228,148214.61
2515.602702365319,148167.89
2515.6096474798155,148263.94
2515.6165925941946,148157.58
2515.6235377085745,148205.62
2515.630482822838,148212.52
2515.6374279371016,148195.67
2515.6443730512487,148212.08
2515.651318165395,148220.5
2515.6582632794257,148212.64
2515.665208393457,148221.14
2515.6721535073707,148195.02
2515.679098621168,148191.25
2515.6860437349665,148146.14
2515.6929888487643,148265.89
2515.6999339624454,148201.03
2515.706879076127,148248.47
2515.7138241896914,148125.86
2515.72076930314,148185.31
2515.727714416588,148164.16
2515.7346595300364,148175.67
2515.741604643369,148213.36
2515.748549756701,148183.75
2515.7554948698003,148128.45
2515.7624399828997,148156.25
2515.769385095999,148169.88
2515.776330209098,148146.34
2515.783275322197,148056.12
2515.7902204350635,148140.78
2515.79716554793,148183.2
2515.804110660564,148150.84
2515.8110557734303,148113.78
2515.8180008860636,148177.98
2515.824945998697,148129.31
2515.831891111098,148122.19
2515.8388362237315,148148.92
2515.845781336132,148086.47
2515.852726448533,148171.52
2515.8596715609333,148121.75
2515.8666166731014,148085.95
2515.8735617852694,148053.97
2515.8805068974375,148103.03
2515.8874520093727,148094.52
2515.89439712154,148056.0
2515.901342233476,148128.53
2515.908287345411,148039.27
2515.9152324571123,148062.1
2515.922177568815,148061.17
2515.9291226805176,148049.34
2515.93606779222,148003.72
2515.9430129039224,148049.47
2515.949958015391,148047.38
2515.9569031268607,147984.92
2515.9638482383302,148068.78
2515.970793349566,148066.75
2515.9777384608037,148067.53
2515.98468357204,148032.47
2515.9916286832763,148043.45
2515.998573794514,148067.38
2516.005518905517,148021.69
2516.012464016521,147962.8
2516.019409127292,148062.36
2516.026354238295,148017.8
2516.033299349066,148023.47
2516.040244459838,148029.69
2516.047189570376,148056.95
2516.0541346811465,148019.38
2516.0610797916847,147993.05
2516.068024902223,148037.31
2516.0749700125284,147979.75
2516.081915122833,147968.02
2516.0888602333707,148019.64
2516.0958053434438,147997.3
2516.102750453749,147966.14
2516.109695563822,148024.75
2516.116640673894,147931.78
2516.123585783966,147948.3
2516.130530893806,147931.36
2516.1374760038784,147959.53
2516.144421113718,148029.42
2516.1513662233247,147989.31
2516.158311333165,147984.72
2516.165256442772,147955.12
2516.172201552378,147969.61
2516.179146661985,147970.31
2516.186091771359,147963.28
2516.1930368807325,147957.3
2516.199981990107,147967.69
2516.206927099481,147920.05
2516.213872208622,147949.05
2516.2208173177637,147963.98
2516.227762426904,148004.44
2516.2347075358125,147940.83
2516.2416526449542,147901.14
2516.2485977538618,147937.73
2516.2555428627697,147868.47
2516.2624879714454,148060.17
2516.269433080121,147955.9
2516.276378188797,147983.81
2516.283323297472,147912.89
2516.2902684061473,147989.64
2516.2972135145906,148032.97
2516.3041586230324,147986.02
2516.311103731475,147854.97
2516.3180488396856,147930.39
2516.324993947895,147885.23
2516.331939056105,147945.23
2516.338884164315,147906.1
2516.3458292722917,147909.97
2516.352774380269,147890.31
2516.3597194882454,147872.83
2516.3666645962226,147868.36
2516.373609703967,147908.31
2516.3805548117116,147932.67
2516.3874999194554,147915.05
2516.394445026966,148008.44
2516.401390134711,147887.84
2516.4083352422226,147836.03
2516.415280349733,147878.7
2516.422225457012,147906.33
2516.4291705642904,147874.78
2516.436115671569,147891.1
2516.443060778848,147898.08
2516.450005885893,147934.16
2516.456950993171,147900.03
2516.463896099985,147880.42
2516.47084120703,147894.28
2516.4777863140757,147886.98
2516.4847314208887,147872.33
2516.4916765277017,147924.08
2516.498621634282,147868.73
2516.505566740862,147872.4
2516.5125118476744,147854.1
2516.5194569540213,147944.75
2516.5264020606014,147906.98
2516.5333471669487,147840.8
2516.540292273296,147893.1
2516.5472373796433,148005.83
2516.554182485758,147885.08
2516.561127592104,147973.86
2516.5680726982196,147872.34
2516.5750178041008,147977.77
2516.5819629102143,147832.89
2516.5889080160964,147933.3
2516.595853121978,147804.38
2516.6027982278597,147839.0
2516.6097433335085,147850.02
2516.6166884391564,147865.12
2516.623633544805,147887.53
2516.630578650455,147875.14
2516.63752375587,147899.69
2516.6444688612855,147865.53
2516.651413966702,147839.44
2516.658359071885,147868.9
2516.665304177301,147941.05
2516.672249282484,147919.34
2516.679194387434,147908.95
2516.686139492617,147789.42
2516.693084597567,147839.22
2516.7000297025174,147880.31
2516.7069748074673,147874.83
2516.7139199121852,147832.67
2516.7208650169027,147826.02
2516.7278101216193,147840.4
2516.7347552263373,147850.81
2516.7417003308215,147846.0
2516.7486454353057,147941.23
2516.755590539791,147889.05
2516.7625356442754,147877.1
2516.7694807485273,147867.56
2516.776425852779,147857.14
2516.78337095703,147844.97
2516.790316061049,147892.78
2516.7972611650684,147813.14
2516.804206269087,147849.53
2516.8111513731055,147884.73
2516.818096477125,147858.62
2516.825041580911,147843.36
2516.831986684697,147814.66
2516.83893178825,147895.19
2516.845876892036,147807.0
2516.8528219955892,147830.02
2516.8597670991426,147837.64
2516.8667122024626,147904.06
2516.873657306016,147857.98
2516.880602409337,147851.42
2516.8875475124246,147880.84
2516.894492615744,147821.08
2516.9014377188323,147898.1
2516.9083828219195,147859.55
2516.9153279250063,147827.8
2516.922273027862,147909.98
2516.929218130717,147783.55
2516.9361632335713,147895.0
2516.9431083364266,147895.92
2516.9500534390477,147883.06
2516.9569985419025,147869.6
2516.963943644292,147942.44
2516.99866915647,147809.03
2517.005614258626,147798.55
2517.0125593607822,147830.64
2517.0195044629386,147876.58
2517.026449564862,147845.73
2517.0333946667856,147848.77
2517.040339768709,147848.64
2517.0472848706327,147856.08
2517.054229972324,147974.75
2517.0611750740136,147861.56
2517.068120175704,147863.05
2517.0750652773954,147842.44
2517.0820103788524,147871.1
2517.0889554803102,147847.77
2517.095900581768,147845.73
2517.102845683226,147849.44
2517.109790784451,147883.62
2517.116735885676,147891.16
2517.1236809869006,147862.98
2517.1306260878923,147911.36
2517.1375711888845,147815.28
2517.1445162898767,147867.12
2517.151461390869,147874.3
2517.158406491628,147804.83
2517.1653515923867,147902.97
2517.172296693146,147801.38
2517.1792417939064,147934.27
2517.1861868944325,147884.1
2517.193131994958,147864.25
2517.200077095485,147834.12
2517.2070221957797,147877.0
2517.2139672960725,147908.77
2517.2209123963657,147859.1
2517.22785749666,147895.92
2517.2348025969536,147875.66
2517.2417476970145,147922.66
2517.248692797075,147784.31
2517.2556378969025,147840.67
2517.2625829969634,147767.61
2517.2695280967914,147798.88
2517.2764731963866,147790.5
2517.283418296214,147768.1
2517.29036339581,147761.3
2517.297308495405,147805.7
2517.3042535949994,147778.66
2517.311198694595,147792.86
2517.318143793957,147775.94
2517.325088893319,147822.9
2517.332033992449,147801.61
2517.3389790918113,147741.08
2517.3459241909404,147783.06
2517.3528692900704,147902.47
2517.359814388967,147864.5
2517.3667594880967,147975.53
2517.373704586993,147919.25
2517.3806496856564,147920.16
2517.387594784553,147998.92
2517.394539883217,147951.95
2517.4014849818814,147901.92
2517.408430080545,147963.44
2517.4153751789754,147925.66
2517.422320277407,147970.69
2517.429265375838,147951.56
2517.436210474268,147948.97
2517.4431555724664,147918.12
2517.4501006706646,147970.03
2517.457045768863,147912.23
2517.4639908670615,147884.06
2517.4709359650265,147976.44
2517.477881062992,147939.14
2517.4848261609573,147876.55
2517.49177125869,147981.98
2517.498716356422,147933.02
2517.5056614541545,147992.23
2517.5126065518875,147952.05
2517.5195516493873,147939.52
2517.526496746886,147951.64
2517.533441844386,147961.34
2517.5403869418856,147933.75
2517.5473320391516,147963.28
2517.5542771364194,148005.81
2517.5612222336863,148005.53
2517.5681673307204,147973.22
2517.5751124277544,147985.53
2517.5820575247885,148031.47
2517.589002621822,147953.64
2517.5959477186234,148042.33
2517.602892815657,148121.08
2517.6098379122254,148022.69
2517.6167830090267,148002.34
2517.623728105595,148020.92
2517.6306732021635,148053.34
2517.637618298731,147994.1
2517.6445633953003,147943.52
2517.651508491636,147983.23
2517.6584535879706,148019.95
2517.6653986840734,147970.48
2517.67234378041,148099.72
2517.679288876512,148056.88
2517.686233972615,148063.95
2517.6931790684844,148061.5
2517.700124164587,148019.97
2517.707069260457,148018.88
2517.7140143563265,148026.53
2517.7209594519636,148044.83
2517.7279045476002,148022.52
2517.7348496432382,148046.53
2517.7417947388753,148096.64
2517.7487398342787,148116.55
2517.755684929683,148064.38
2517.762630025088,148122.38
2517.7695751204915,148015.9
2517.7765202156625,148056.64
2517.7834653108343,148099.92
2517.790410406006,148070.25
2517.7973555009444,148110.31
2517.8043005961154,148153.66
2517.8112456910544,148109.4
2517.81819078576,148089.38
2517.825135880698,148111.89
2517.832080975404,148111.1
2517.8390260701094,148113.23
2517.8459711645824,148117.66
2517.852916259056,148065.72
2517.8598613535282,148099.94
2517.8668064480007,148112.42
2517.873751542474,148138.23
2517.880696636714,148082.61
2517.8876417309543,148155.03
2517.894586824961,148109.42
2517.9015319192017,148140.2
2517.908477013209,148108.33
2517.9154221072154,148093.98
2517.9223672009903,148161.23
2517.929312294997,148133.58
2517.936257388771,148157.8
2517.943202482313,148167.75
2517.950147576088,148138.55
2517.957092669629,148148.89
2517.964037763171,148178.4
2517.9709828564796,148241.9
2517.9779279500212,148163.2
2517.9848730433296,148146.83
2517.9918181366384,148182.19
2517.998763229714,148162.98
2518.0057083230226,148126.3
2518.012653415866,148189.4
2518.0195985089426,148255.89
2518.0265436020177,148160.89
2518.033488694861,148175.3
2518.0404337877044,148210.28
2518.0473788803138,148180.61
2518.0543239731564,148217.02
2518.0612690657676,148200.03
2518.068214158145,148220.03
2518.075159250755,148194.12
2518.0821043431324,148197.3
2518.0890494355103,148176.8
2518.095994527888,148201.72
2518.1029396200315,148255.45
2518.109884712176,148256.61
2518.116829804321,148198.25
2518.1237748964654,148163.67
2518.1307199883777,148210.38
2518.137665080289,148172.3
2518.144610172201,148232.4
2518.15155526388,148201.06
2518.1585003555588,148257.84
2518.1654454472373,148208.5
2518.1723905389163,148195.22
2518.179335630363,148217.67
2518.186280721809,148225.2
2518.1932258132542,148232.34
2518.2001709044675,148257.88
2518.2071159959146,148219.9
2518.214061086894,148236.12
2518.2210061781075,148247.27
2518.227951269321,148247.8
2518.2348963603013,148245.4
2518.241841451049,148263.78
2518.2487865420294,148264.66
2518.255731632777,148254.2
2518.2626767235247,148234.27
2518.2696218142714,148233.84
2518.276566904787,148289.08
2518.2835119955344,148236.7
2518.2904570860487,148255.27
2518.2974021763316,148213.52
2518.3043472666136,148275.7
2518.311292356895,148247.95
2518.3182374471767,148276.94
2518.3251825374587,148278.28
2518.332127627508,148278.58
2518.339072717557,148282.9
2518.346017807606,148241.52
2518.3529628974234,148307.03
2518.359907987239,148348.83
2518.366853077055,148220.5
2518.3737981666386,148239.77
2518.380743256454,148338.12
2518.3876883460375,148279.22
2518.394633435389,148260.83
2518.4015785249726,148242.64
2518.4085236143233,148300.78
2518.415468703673,148316.48
2518.4224137927918,148280.92
2518.429358881909,148308.9
2518.436303971026,148289.08
2518.4432490601444,148304.38
2518.450194149263,148302.02
2518.457139238147,148363.02
2518.4640843270317,148336.3
2518.4710294156844,148309.42
2518.4779745045694,148312.1
2518.4849195932215,148300.47
2518.4918646816404,148330.28
2518.498809770293,148354.48
2518.5057548587124,148299.5
2518.512699947131,148360.95
2518.5196450355506,148298.77
2518.5265901237367,148289.84
2518.533535211923,148334.11
2518.54048030011,148324.9
2518.547425388064,148300.12
2518.554370476017,148375.66
2518.5613155639708,148343.28
2518.5682606519244,148347.17
2518.5752057396453,148326.88
2518.5821508273657,148339.06
2518.589095915087,148274.22
2518.5960410028083,148380.88
2518.602986090296,148321.56
2518.6099311777834,148353.64
2518.616876265272,148390.94
2518.623821352526,148333.88
2518.6307664397814,148355.66
2518.637711527037,148364.2
2518.64465661406,148365.83
2518.651601701315,148297.25
2518.6585467883365,148328.61
2518.6654918751265,148344.4
2518.6724369621484,148354.03
2518.679382048937,148327.36
2518.6863271357274,148358.67
2518.6932722222846,148371.75
2518.700217308841,148394.38
2518.7071623953975,148335.7
2518.714107481954,148422.05
2518.721052568511,148406.14
2518.727997654835,148346.44
2518.734942740925,148386.23
2518.7418878272497,148394.97
2518.7488329133407,148326.23
2518.7557779994313,148330.16
2518.762723085523,148326.05
2518.769668171381,148379.83
2518.7766132574716,148352.88
2518.783558343097,148396.56
2518.7905034289547,148399.84
2518.79744851458,148310.75
2518.8043936002055,148349.66
2518.811338685831,148329.06
2518.8182837712243,148353.73
2518.825228856616,148440.7
2518.8321739420085,148409.05
2518.8391190274015,148330.19
2518.8460641125607,148414.38
2518.8530091977204,148368.73
2518.85995428288,148334.25
2518.866899367807,148275.81
2518.873844452734,148351.67
2518.88078953766,148363.97
2518.887734622355,148317.11
2518.8946797072817,148383.67
2518.901624791975,148335.92
2518.908569876436,148350.12
2518.915514961131,148331.45
2518.9224600455923,148334.17
2518.9294051300535,148371.64
2518.936350214281,148290.42
2518.9432952985103,148316.73
2518.9502403827382,148387.81
2518.9571854669657,148354.47
2518.9641305509617,148294.95
2518.971075634958,148360.86
2518.9780207189533,148412.53
2518.9849658029484,148325.16
2518.991910886711,148350.34
2518.998855970475,148324.86
2519.005801054004,148376.7
2519.012746137766,148356.5
2519.0196912212964,148379.03
2519.0266363048263,148325.89
2519.0335813881234,148337.84
2519.0405264714204,148341.86
2519.0474715547175,148281.45
2519.0544166380146,148354.38
2519.061361721079,148328.67
2519.0683068041426,148366.19
2519.0752518872073,148347.45
2519.0821969700387,148312.31
2519.08914205287,148399.42
2519.0960871357015,148331.38
2519.103032218533,148323.62
2519.1099773011315,148344.36
2519.11692238373,148329.53
2519.123867466328,148332.88
2519.1308125486935,148363.2
2519.1377576310592,148320.48
2519.144702713426,148343.52
2519.1516477957916,148311.98
2519.1585928779236,148338.11
2519.1655379600566,148389.88
2519.172483041957,148341.73
2519.17942812409,148284.06
2519.1863732059896,148322.34
2519.1933182878897,148337.8
2519.200263369558,148338.88
2519.207208451225,148273.66
2519.2141535328915,148355.58
2519.2210986145587,148289.9
2519.2280436959936,148309.47
2519.2349887774276,148356.06
2519.2419338588616,148332.27
2519.2488789400636,148305.17
2519.2558240212657,148322.95
2519.262769102467,148317.12
2519.269714183668,148345.3
2519.276659264637,148323.9
2519.2836043456064,148307.11
2519.290549426342,148342.2
2519.29749450731,148301.1
2519.3044395880465,148327.56
2519.311384668783,148247.83
2519.3183297492856,148281.23
2519.325274829788,148311.83
2519.3322199102918,148312.58
2519.3391649907953,148270.72
2519.3461100710647,148293.77
2519.3530551513345,148281.66
2519.3600002316057,148299.83
2519.366945311643,148305.47
2519.37389039168,148323.08
2519.3808354717175,148329.88
2519.3877805517554,148258.17
2519.39472563156,148302.88
2519.4016707113637,148310.3
2519.4086157909355,148344.22
2519.415560870741,148285.6
2519.4363961092226,148228.52
2519.4433411885625,148289.33
2519.4502862679014,148309.25
2519.4572313470067,148233.75
2519.4641764263456,148247.19
2519.4711215054526,148261.34
2519.478066584326,148230.34
2519.4850116631987,148340.62
2519.4919567423044,148261.56
2519.498901820946,148295.03
2519.505846899819,148221.48
2519.5127919784586,148241.28
2519.519737057099,148223.92
2519.5266821355076,148260.9
2519.5336272141476,148288.39
2519.5405722923224,148273.22
2519.5475173707296,148211.36
2519.5544624489053,148300.52
2519.561407527313,148249.7
2519.568352605254,148227.84
2519.5752976834287,148224.53
2519.5822427613707,148296.28
2519.5891878393127,148231.61
2519.5961329170223,148138.31
2519.6030779949638,148258.12
2519.61002307244,148227.0
2519.616968150149,148116.5
2519.623913227625,148248.7
2519.630858305102,148338.47
2519.637803382578,148191.31
2519.6447484600544,148181.16
2519.6516935372983,148214.97
2519.6586386145414,148216.31
2519.665583691552,148186.9
2519.6725287685626,148215.53
2519.679473845573,148234.9
2519.686418922584,148183.92
2519.6933639993617,148195.61
2519.7003090761395,148251.42
2519.707254152918,148181.48
2519.7141992294623,148179.86
2519.7211443060073,148187.33
2519.7280893825523,148187.8
2519.735034459097,148174.81
2519.7419795354094,148228.64
2519.7489246117216,148226.38
2519.7558696878,148210.78
2519.7628147641126,148139.86
2519.7697598401924,148191.95
2519.776704916039,148197.33
2519.783649992118,148174.69
2519.790595067964,148148.47
2519.7975401435783,148214.83
2519.804485219425,148170.36
2519.8114302950376,148178.3
2519.8183753706517,148184.83
2519.825320446033,148107.56
2519.8322655216466,148163.3
2519.8392105970274,148154.39
2519.846155672175,148160.0
2519.8531007473234,148146.88
2519.8600458224714,148157.05
2519.8669908976185,148123.45
2519.873935972534,148157.64
2519.8808810476826,148109.81
2519.887826122365,148167.11
2519.89477119728,148082.14
2519.901716271962,148188.64
2519.9086613466447,148108.81
2519.9156064210943,148127.92
2519.922551495543,148169.88
2519.929496569993,148178.25
2519.9364416444428,148139.97
2519.9433867186594,148123.95
2519.9503317928757,148081.55
2519.9572768670923,148131.22
2519.9642219410766,148119.95
2519.9711670150605,148093.31
2519.9781120890434,148177.22
2519.985057162795,148154.53
2519.992002236779,148067.77
2519.9989473102974,148115.84
2520.005892384048,148079.95
2520.012837457566,148101.39
2520.0197825310847,148135.45
2520.0267276046034,148109.83
2520.033672677888,148083.44
2520.0406177511727,148063.88
2520.047562824226,148127.03
2520.054507897512,148063.98
2520.061452970564,148041.0
2520.0683980433832,148145.25
2520.075343116436,148064.58
2520.0822881892564,148089.03
2520.089233262075,148095.05
2520.0961783346615,148063.08
2520.1031234072493,148079.14
2520.1100684798366,148079.75
2520.11701355219,148078.11
2520.123958624776,148054.62
2520.130903697131,148063.47
2520.1378487692527,148029.16
2520.144793841373,148060.03
2520.151738913494,148052.23
2520.158683985616,148053.78
2520.1656290575047,148099.8
2520.1725741293926,148005.88
2520.17951920128,147997.56
2520.1864642729365,148020.02
2520.1934093445925,147983.47
2520.200354416247,147994.44
2520.2072994876694,147992.64
2520.214244559093,148020.75
2520.2211896305157,148024.12
2520.2281347019393,147996.69
2520.2350797731283,148009.72
2520.242024844318,148000.19
2520.2489699152757,147964.16
2520.2559149862323,147978.33
2520.2628600571893,147991.66
2520.2698051281463,147968.67
2520.2767501988706,147961.34
2520.2836952695957,147981.7
2520.290640340086,147959.48
2520.2975854108104,147953.7
2520.304530481302,148012.31
2520.3114755515603,147901.52
2520.318420621819,147951.72
2520.3253656920774,147930.81
2520.332310762336,147979.22
2520.3392558323626,147941.33
2520.3462009023874,147950.6
2520.353145972413,147917.95
2520.360091042439,147888.33
2520.3670361122317,147917.27
2520.3739811817927,147918.22
2520.380926251585,147906.8
2520.3878713211448,147911.64
2520.3948163907057,147902.34
2520.401761460033,147929.53
2520.4087065293597,147911.58
2520.4156515986865,147898.84
2520.4225966680137,147910.2
2520.429541737109,147890.84
2520.436486806203,147859.92
2520.443431875064,147947.08
2520.4503769439266,147900.19
2520.4573220127877,147867.55
2520.4642670816497,147905.03
2520.4712121502785,147908.89
2520.4781572189063,147884.39
2520.485102287303,147871.8
2520.492047355932,147850.19
2520.4989924243278,147819.69
2520.505937492491,147886.03
2520.5128825606535,147880.62
2520.519827628817,147868.86
2520.52677269698,147832.73
2520.5337177649094,147878.61
2520.54066283284,147879.72
2520.547607900771,147872.12
2520.554552968469,147866.38
2520.561498036166,147852.77
2520.5684431038626,147877.3
2520.5753881713276,147796.48
2520.582333238793,147853.62
2520.589278306257,147831.94
2520.596223373488,147798.66
2520.6031684407203,147869.4
2520.610113507953,147825.0
2520.6170585749514,147801.02
2520.6240036419495,147812.22
2520.630948708949,147816.05
2520.6378937757154,147802.4
2520.6448388424815,147840.78
2520.651783909247,147776.98
2520.6587289757804,147751.78
2520.6656740423145,147782.84
2520.672619108848,147782.55
2520.6795641751473,147768.92
2520.6865092414478,147764.12
2520.6934543077487,147718.83
2520.700399374049,147815.4
2520.7073444401162,147843.55
2520.714289505951,147775.06
2520.7490148348925,147686.36
2520.7559599004944,147808.23
2520.762904965864,147748.2
2520.769850031233,147766.86
2520.7767950966017,147709.48
2520.7837401617385,147731.45
2520.7906852268748,147749.11
2520.7976302920115,147715.2
2520.8045753569145,147714.61
2520.8115204218175,147788.48
2520.8184654867214,147739.17
2520.8254105513925,147725.39
2520.8323556160626,147713.27
2520.8393006807332,147743.12
2520.846245745171,147731.48
2520.8531908096093,147697.69
2520.8601358740475,147717.73
2520.8670809382515,147681.78
2520.8740260024565,147684.62
2520.880971066662,147656.1
2520.8879161306345,147666.45
2520.8948611946066,147700.97
2520.901806258578,147633.36
2520.9087513223176,147663.06
2520.9156963860573,147705.05
2520.9226414497966,147665.64
2520.9295865133026,147687.6
2520.936531576809,147691.73
2520.943476640083,147675.34
2520.95042170359,147642.67
2520.957366766863,147752.08
2520.964311829903,147702.6
2520.971256892945,147641.81
2520.9782019559857,147647.1
2520.9851470190265,147723.64
2520.9920920818345,147641.72
2520.9990371446424,147644.9
2521.005982207218,147677.34
2521.0129272697927,147643.95
2521.019872332368,147681.19
2521.026817394943,147615.06
2521.0337624572853,147671.03
2521.0407075196276,147653.4
2521.047652581738,147648.2
2521.0545976438466,147652.19
2521.061542705956,147619.75
2521.0684877678327,147636.77
2521.0754328297103,147610.02
2521.0823778915874,147672.42
2521.0893229532303,147673.06
2521.0962680148737,147693.25
2521.1032130765184,147638.31
2521.110158137929,147653.17
2521.11710319934,147608.1
2521.1240482607504,147587.2
2521.1309933219295,147612.58
2521.137938383108,147617.81
2521.144883444053,147568.53
2521.151828505231,147646.34
2521.1587735659436,147639.98
2521.1657186268885,147660.73
2521.1726636876015,147608.64
2521.179608748315,147592.8
2521.186553808794,147577.53
2521.1934988692733,147565.3
2521.200443929753,147553.67
2521.2073889900007,147613.11
2521.214334050247,147606.08
2521.221279110493,147619.84
2521.2282241705075,147584.84
2521.2351692305224,147600.67
2521.2421142905364,147604.8
2521.2490593503176,147626.14
2521.256004410098,147538.61
2521.26294946988,147650.86
2521.2698945294283,147539.81
2521.2768395889766,147581.72
2521.283784648292,147565.27
2521.290729707607,147606.06
2521.297674766923,147581.08
2521.3046198260067,147568.5
2521.3115648850885,147587.23
2521.318509944171,147572.6
2521.325455003021,147543.33
2521.332400061871,147564.31
2521.339345120721,147592.19
2521.3462901793378,147584.69
2521.353235237955,147559.9
2521.3601802965727,147570.08
2521.3671253549564,147541.02
2521.374070413341,147536.72
2521.3810154714924,147542.42
2521.387960529643,147559.3
2521.3949055877947,147555.52
2521.4018506457137,147581.56
2521.408795703633,147508.45
2521.415740761551,147574.31
2521.422685819236,147610.0
2521.429630876922,147543.67
2521.4365759346083,147561.97
2521.443520992061,147584.83
2521.4504660495136,147506.92
2521.4574111067336,147516.39
2521.4643561639546,147576.48
2521.4713012211746,147570.42
2521.478246278161,147530.92
2521.485191335148,147544.58
2521.4921363921358,147490.4
2521.49908144889,147433.31
2521.506026505645,147498.14
2521.5129715621665,147417.88
2521.5199166186876,147461.06
2521.5268616752096,147429.1
2521.533806731731,147421.52
2521.5407517880203,147444.6
2521.5476968440757,147430.89
2521.554641900364,147407.62
2521.5615869561875,147397.4
2521.568532012244,147412.67
2521.5754770680674,147450.16
2521.5824221238904,147486.33
2521.5893671794797,147460.02
2521.5963122350704,147612.27
2521.603257290661,147601.34
2521.6102023460185,147543.34
2521.617147401376,147505.88
2521.624092456733,147533.73
2521.631037511858,147531.86
2521.637982566983,147557.7
2521.6449276218746,147543.22
2521.651872676766,147532.86
2521.6588177316576,147543.06
2521.6657627863165,147581.12
2521.6727078409754,147558.23
2521.679652895635,147591.3
2521.6865979500612,147568.06
2521.693543004487,147535.58
2521.70048805868,147514.03
2521.707433112874,147565.39
2521.7143781670675,147499.14
2521.721323221027,147536.45
2521.728268274987,147570.3
2521.7352133287154,147618.05
2521.7421583826763,147555.62
2521.7491034361715,147566.69
2521.756048489898,147520.42
2521.762993543393,147569.27
2521.7699385966553,147556.97
2521.7768836499167,147653.98
2521.7838287031796,147581.97
2521.7907737564415,147528.84
2521.79771880947,147570.66
2521.804663862267,147618.81
2521.811608915296,147602.67
2521.818553968092,147635.17
2521.8254990206556,147583.12
2521.832444073218,147610.27
2521.8393891257824,147598.0
2521.8463341781135,147559.27
2521.8532792304445,147550.5
2521.860224282775,147601.55
2521.867169334872,147612.81
2521.8741143869697,147593.61
2521.8810594388356,147667.11
2521.8880044907005,147613.64
2521.894949542565,147632.75
2521.9018945941966,147638.31
2521.9088396458296,147618.06
2521.9157846972294,147631.39
2521.922729748628,147623.98
2521.9296748000274,147610.53
2521.936619851194,147643.12
2521.9435649023603,147660.92
2521.9505099535268,147627.34
2521.9574550044613,147595.75
2521.964400055162,147665.12
2521.9713451060957,147612.48
2521.9782901565627,147640.92
2521.9852352072644,147614.61
2521.992180257733,147684.88
2521.9991253082003,147648.53
2522.0060703584354,147681.23
2522.0130154086705,147628.12
2522.019960458673,147661.6
2522.026905508676,147641.73
2522.0338505586783,147712.95
2522.0407956084473,147669.9
2522.0477406582163,147690.73
2522.0546857079858,147701.28
2522.0616307575233,147668.03
2522.068575806827,147694.78
2522.0755208563637,147667.4
2522.0824659056675,147653.27
2522.0894109547385,147691.16
2522.0963560038094,147744.75
2522.1033010528813,147703.36
2522.1102461017185,147699.28
2522.1171911505567,147675.88
2522.124136199162,147695.94
2522.131081247768,147675.9
2522.1380262963735,147735.9
2522.144971344746,147765.66
2522.1519163931184,147734.78
2522.158861441258,147685.31
2522.1658064893973,147709.48
2522.1727515375374,147722.27
2522.179696585445,147677.34
2522.1866416331186,147670.84
2522.193586681025,147723.23
2522.200531728699,147785.14
2522.207476776141,147771.12
2522.214421823582,147690.22
2522.2213668710224,147725.38
2522.2283119182307,147748.73
2522.23525696544,147770.38
2522.2422020124154,147803.17
2522.249147059392,147778.12
2522.256092106367,147717.39
2522.2630371531095,147722.05
2522.2699821998517,147793.7
2522.2769272463615,147705.2
2522.283872292872,147792.36
2522.2908173391493,147790.28
2522.2977623854254,147732.61
2522.3047074317024,147731.58
2522.311652477747,147799.05
2522.3185975237916,147772.53
2522.325542569604,147810.31
2522.3324876154143,147776.53
2522.339432661225,147758.27
2522.346377706804,147816.22
2522.35332275215,147809.44
2522.360267797496,147887.6
2522.367212842842,147789.39
2522.3741578881877,147853.31
2522.3811029330677,147768.05
2522.38804797818,147796.28
2522.3949930230606,147901.08
2522.401938067941,147868.64
2522.408883112588,147826.8
2522.4158281572345,147856.88
2522.4227732016493,147863.2
2522.429718246064,147864.08
2522.436663290246,147871.83
2522.4436083344276,147847.47
2522.450553378609,147867.66
2522.4574984225574,147863.4
2522.464443466506,147899.22
2522.4713885102224,147867.84
2522.4783335539387,147863.08
2522.4852785974213,147913.61
2522.4922236409043,147919.33
2522.4991686843873,147890.44
2522.506113727638,147924.11
2522.513058770656,147910.8
2522.520003813906,147897.22
2522.52694885669,147934.66
2522.5338938997074,147911.3
2522.5408389424924,147982.4
2522.5477839850446,147948.55
2522.5547290275963,147959.36
2522.5616740699156,147936.03
2522.5686191124673,147930.19
2522.5755641545525,147980.89
2522.5825091966385,147909.81
2522.5894542387255,148000.2
2522.596399280579,147974.81
2522.603344322432,148017.03
2522.6102893642847,147981.75
2522.6172344056727,148005.14
2522.6241794472935,148077.9
2522.6311244886806,148015.27
2522.638069530069,148019.78
2522.645014571224,147986.02
2522.651959612145,148016.67
2522.6589046533004,148025.22
2522.6658496939895,148050.56
2522.6727947349113,148018.52
2522.6797397753685,148044.66
2522.6866848160566,148088.17
2522.693629856513,148023.47
2522.7005748967367,148056.86
2522.7075199369606,148020.42
2522.7144649771844,148092.33
2522.721410017174,148112.45
2522.7283550569314,148081.1
2522.73530009669,148057.78
2522.7422451364478,148125.84
2522.7491901759727,148089.16
2522.7561352154985,148120.5
2522.7630802547906,148092.66
2522.770025294082,148102.19
2522.776970333141,148111.88
2522.783915372201,148126.47
2522.790860411028,148125.89
2522.797805449854,148143.56
2522.8047504886804,148100.88
2522.811695527274,148144.33
2522.8186405656347,148171.9
2522.8255856039964,148111.27
2522.832530642357,148161.92
2522.839475680485,148156.28
2522.84642071838,148152.22
2522.8533657562743,148155.1
2522.8603107941703,148237.98
2522.8672558318326,148239.3
2522.874200869496,148147.23
2522.881145906925,148169.84
2522.8880909443537,148172.83
2522.8950359815503,148178.11
2522.901981018515,148212.52
2522.9089260557116,148244.83
2522.9158710924426,148220.97
2522.9228161294063,148188.34
2522.9297611659044,148243.58
2522.936706202636,148224.4
2522.9436512389007,148236.08
2522.9505962753997,148269.78
2522.957541311665,148249.88
2522.9644863476965,148190.14
2522.971431383729,148208.22
2522.9783764195295,148290.84
2522.985321455329,148272.2
2522.992266490897,148272.66
2522.9992115264636,148320.47
2523.006156561797,148341.23
2523.0131015971306,148314.12
2523.0200466322317,148337.58
2523.0269916673337,148287.61
2523.033936702435,148307.83
2523.0408817370712,148317.25
2523.0478267719395,148368.39
2523.0547718063413,148322.75
2523.0617168409767,148363.52
2523.0686618753803,148284.36
2523.0756069095496,148288.61
2523.08255194372,148316.5
2523.089496977657,148371.1
2523.096442011594,148351.16
2523.103387045298,148350.81
2523.110332079002,148291.69
2523.1172771124743,148363.19
2523.124222145713,148327.84
2523.131167179183,148376.05
2523.138112212189,148383.4
2523.1450572451954,148386.39
2523.152002278201,148376.67
2523.158947310975,148358.86
2523.165892343747,148422.8
2523.172837376287,148422.78
2523.179782408594,148374.66
2523.186727440901,148374.58
2523.193672473209,148377.62
2523.2006175052834,148440.86
2523.207562537126,148471.31
2523.2145075689673,148396.97
2523.221452600575,148462.23
2523.2283976321837,148442.0
2523.2353426637933,148408.77
2523.242287694936,148426.61
2523.249232726312,148447.84
2523.2561777572228,148413.53
2523.2631227883658,148461.38
2523.2700678190427,148446.47
2523.27701284972,148500.38
2523.2839578803982,148505.4
2523.2909029108428,148462.53
2523.2978479410544,148500.44
2523.304792971266,148486.38
2523.3117380014774,148476.27
2523.318683031224,148498.86
2523.3256280612036,148456.89
2523.3325730907163,148518.95
2523.339518120463,148499.31
2523.346463149743,148550.89
2523.3534081790226,148524.16
2523.3603532083034,148453.95
2523.3672982373514,148567.12
2523.374243266167,148434.48
2523.3811882949817,148463.05
2523.3881333235636,148551.81
2523.3950783521454,148542.97
2523.402023380494,148461.97
2523.408968408843,148522.89
2523.4159134369597,148510.48
2523.4228584650764,148549.64
2523.42980349296,148583.83
2523.4367485206108,148583.73
2523.4436935482604,148584.22
2523.4506385756786,148538.48
2523.4575836030967,148573.88
2523.4645286302816,148591.25
2523.471473657234,148536.53
2523.4784186841866,148628.42
2523.4853637111387,148571.27
2523.492308737858,148567.53
2523.499253764344,148593.52
2523.506198790598,148619.94
2523.513143816852,148633.69
2523.5200888431054,148624.69
2523.5270338691257,148569.4
2523.5339788949136,148572.97
2523.5409239207015,148567.1
2523.5478689462566,148664.92
2523.5548139718126,148572.42
2523.5617589971353,148653.72
2523.568704022224,148656.72
2523.575649047313,148682.77
2523.58259407217,148674.16
2523.5895390970272,148635.38
2523.5964841216505,148617.08
2523.6034291460423,148660.66
2523.6103741704337,148658.4
2523.6173191945913,148696.5
2523.6242642187494,148661.11
2523.6312092426747,148665.48
2523.6381542663676,148655.06
2523.6450992900604,148595.64
2523.65204431352,148667.27
2523.6589893369796,148678.67
2523.6659343602064,148653.42
2523.6728793832003,148690.06
2523.6798244061947,148635.1
2523.6867694289554,148694.0
2523.6937144517174,148668.75
2523.700659474246,148674.94
2523.7076044965406,148630.3
2523.7145495188356,148717.23
2523.721494540899,148722.53
2523.728439562962,148669.94
2523.7353845845596,148658.02
2523.7423296063894,148636.14
2523.7492746277535,148691.06
2523.7562196491176,148718.42
2523.763164670481,148635.06
2523.77010969138,148673.45
2523.777054712279,148693.92
2523.783999733178,148684.36
2523.790944753844,148673.23
2523.7978897742764,148732.55
2523.804834794709,148726.31
2523.8117798146764,148718.58
2523.8187248348763,148694.17
2523.8256698546106,148703.73
2523.832614874346,148748.5
2523.83955989408,148780.27
2523.8465049135825,148757.33
2523.8534499328503,148676.02
2523.860394951886,148730.42
2523.8673399709223,148720.97
2523.874284989725,148693.42
2523.8812300085287,148713.67
2523.888175026866,148706.34
2523.895120045437,148710.22
2523.9020650635416,148749.1
2523.909010081645,148733.33
2523.915955099517,148723.9
2523.9229001173894,148671.92
2523.9298451350282,148714.84
2523.9367901524342,148712.62
2523.943735169841,148640.8
2523.950680187014,148707.33
2523.957625203954,148727.84
2523.9645702206612,148642.9
2523.9715152373697,148689.39
2523.9784602540776,148731.88
2523.985405270319,148746.39
2523.9923502865618,148745.06
2523.999295302803,148649.7
2524.006240318579,148667.4
2524.013185334356,148716.58
2524.0201303498993,148778.23
2524.0270753654427,148713.36
2524.034020380754,148677.2
2524.0409653958313,148747.12
2524.047910410909,148753.52
2524.0548554257534,148667.27
2524.0618004403664,148706.1
2524.068745454746,148691.88
2524.0756904691248,148659.97
2524.082635483272,148620.97
2524.0895804974184,148665.92
2524.096525511331,148713.72
2524.1034705250117,148731.66
2524.1104155384605,148753.81
2524.1173605519084,148692.73
2524.1243055651244,148677.08
2524.1312505781066,148648.47
2524.138195591089,148671.22
2524.145140603838,148665.61
2524.152085616354,148616.72
2524.1590306288713,148649.58
2524.165975641155,148708.81
2524.172920653207,148725.62
2524.1798656652577,148725.47
2524.1868106770758,148672.89
2524.193755688661,148703.72
2524.2007007000134,148735.02
2524.2076457113653,148656.02
2524.2145907224854,148623.7
2524.221535733373,148747.77
2524.2284807442597,148649.84
2524.2354257549146,148681.89
2524.242370765568,148621.73
2524.2493157757563,148638.42
2524.256260785944,148644.58
2524.2632057958995,148653.28
2524.270150805856,148659.9
2524.2770958155784,148697.17
2524.284040825069,148662.92
2524.290985834559,148657.34
2524.297930843582,148680.69
2524.304875852606,148700.97
2524.311820861631,148653.23
2524.318765870422,148639.97
2524.3257108789808,148650.44
2524.3326558873073,148668.56
2524.339600895633,148649.97
2524.3465459037257,148641.56
2524.3534909115847,148667.73
2524.3604359194455,148625.53
2524.3673809270726,148657.62
2524.374325934467,148667.48
2524.3812709418617,148664.36
2524.3882159490236,148625.53
2524.395160955953,148639.19
2524.4021059628813,148709.47
2524.409050969576,148667.86
2524.4159959760395,148583.66
2524.4229409825034,148657.17
2524.429885988733,148628.97
2524.436830994731,148551.25
